1913.1865871219911
1789.7551944044435
2900.637728862374
2900.637728862374
2530.3435507097306
2900.637728862374
3394.3632997325653
2900.637728862374
3147.5005142974696
2530.3435507097306
3024.069121579922
3147.5005142974696
2653.7749434272782
3394.3632997325653
3024.069121579922
2777.2063361448263
6973.873688541453
3517.7946924501134
3270.9319070150173
2530.3435507097306
3147.5005142974696
2653.7749434272782
6109.853939518617
3147.5005142974696
2777.2063361448263
3024.069121579922
2900.637728862374
-1542.8924089693478
6233.285332236165
1419.4610162518
2653.7749434272782
3270.9319070150173
2900.637728862374
2406.9121579921825
-1049.1668380991566
2900.637728862374
3270.9319070150173
-2653.7749434272782
2406.9121579921825
2653.7749434272782
2530.3435507097306
2777.2063361448263
3147.5005142974696
1542.8924089693478
2900.637728862374
3024.069121579922
3270.9319070150173
2777.2063361448263
2777.2063361448263
3024.069121579922
2777.2063361448263
3024.069121579922
2777.2063361448263
2406.9121579921825
-3024.069121579922
7591.030652129191
2160.049372557087
-1789.7551944044435
2530.3435507097306
2530.3435507097306
7220.736473976548
3270.9319070150173
2530.3435507097306
2406.9121579921825
2777.2063361448263
2283.480765274635
3024.069121579922
-2900.637728862374
2900.637728862374
2160.049372557087
3394.3632997325653
7344.167866694096
2900.637728862374
3394.3632997325653
3147.5005142974696
2653.7749434272782
3394.3632997325653
3270.9319070150173
3024.069121579922
2406.9121579921825
-1542.8924089693478
2900.637728862374
7714.462044846739
1913.1865871219911
7344.167866694096
-1172.5982308167042
2777.2063361448263
2530.3435507097306
2160.049372557087
2653.7749434272782
2160.049372557087
1296.029623534252
2406.9121579921825
3147.5005142974696
2900.637728862374
2406.9121579921825
2406.9121579921825
2777.2063361448263
6480.1481176712605
7714.462044846739
3394.3632997325653
2160.049372557087
3024.069121579922
5616.128368648427
2777.2063361448263
2160.049372557087
2653.7749434272782
6727.010903106357
3517.7946924501134
3517.7946924501134
2777.2063361448263
-2900.637728862374
2900.637728862374
6356.716724953713
2530.3435507097306
2653.7749434272782
3147.5005142974696
2530.3435507097306
3147.5005142974696
2530.3435507097306
2283.480765274635
2406.9121579921825
3024.069121579922
2653.7749434272782
6356.716724953713
2777.2063361448263
7467.599259411644
2406.9121579921825
3270.9319070150173
3024.069121579922
3024.069121579922
-1049.1668380991566
2777.2063361448263
-2900.637728862374
3024.069121579922
5986.42254680107
8084.756222999383
2777.2063361448263
2777.2063361448263
6603.5795103888095
3147.5005142974696
3024.069121579922
2406.9121579921825
3270.9319070150173
2777.2063361448263
2530.3435507097306
3147.5005142974696
6603.5795103888095
3270.9319070150173
2036.6179798395392
3024.069121579922
2653.7749434272782
3147.5005142974696
2777.2063361448263
1542.8924089693478
6727.010903106357
3024.069121579922
6603.5795103888095
3147.5005142974696
3024.069121579922
7097.305081259
3147.5005142974696
3270.9319070150173
2283.480765274635
2900.637728862374
2653.7749434272782
1542.8924089693478
-2653.7749434272782
2653.7749434272782
-925.7354453816088
7837.8934375642875
2036.6179798395392
6603.5795103888095
3394.3632997325653
2777.2063361448263
6973.873688541453
2530.3435507097306
2777.2063361448263
2283.480765274635
2530.3435507097306
2777.2063361448263
2653.7749434272782
3270.9319070150173
7097.305081259
2777.2063361448263
6109.853939518617
2653.7749434272782
1789.7551944044435
7097.305081259
2653.7749434272782
3024.069121579922
3024.069121579922
2406.9121579921825
3147.5005142974696
2160.049372557087
2900.637728862374
2530.3435507097306
2653.7749434272782
1666.3238016868959
3024.069121579922
2777.2063361448263
2406.9121579921825
6603.5795103888095
2653.7749434272782
3147.5005142974696
2406.9121579921825
3024.069121579922
6109.853939518617
3147.5005142974696
3270.9319070150173
3024.069121579922
7344.167866694096
2777.2063361448263
2283.480765274635
2653.7749434272782
7220.736473976548
2283.480765274635
6233.285332236165
2900.637728862374
3024.069121579922
2653.7749434272782
3024.069121579922
2160.049372557087
-2777.2063361448263
2900.637728862374
3024.069121579922
-3147.5005142974696
2900.637728862374
6356.716724953713
2777.2063361448263
7837.8934375642875
2900.637728862374
6356.716724953713
1913.1865871219911
6850.442295823905
2777.2063361448263
2777.2063361448263
2406.9121579921825
6480.1481176712605
2900.637728862374
2653.7749434272782
2777.2063361448263
7591.030652129191
-2653.7749434272782
2900.637728862374
6850.442295823905
3024.069121579922
2777.2063361448263
3024.069121579922
2900.637728862374
2653.7749434272782
-1296.029623534252
2900.637728862374
3147.5005142974696
3147.5005142974696
3024.069121579922
2653.7749434272782
-2653.7749434272782
3270.9319070150173
2900.637728862374
1913.1865871219911
2900.637728862374
2900.637728862374
2653.7749434272782
2406.9121579921825
2653.7749434272782
7344.167866694096
-1049.1668380991566
2777.2063361448263
3147.5005142974696
2653.7749434272782
6850.442295823905
7344.167866694096
6603.5795103888095
3024.069121579922
3270.9319070150173
2777.2063361448263
3024.069121579922
6727.010903106357
2530.3435507097306
2530.3435507097306
6480.1481176712605
2900.637728862374
2283.480765274635
3024.069121579922
3147.5005142974696
3394.3632997325653
2160.049372557087
3147.5005142974696
7714.462044846739
6727.010903106357
2036.6179798395392
3147.5005142974696
2406.9121579921825
2777.2063361448263
2530.3435507097306
3270.9319070150173
2530.3435507097306
3024.069121579922
2530.3435507097306
3024.069121579922
2653.7749434272782
2406.9121579921825
3394.3632997325653
2777.2063361448263
5739.559761365974
2406.9121579921825
2406.9121579921825
3147.5005142974696
2406.9121579921825
2530.3435507097306
2283.480765274635
2900.637728862374
2406.9121579921825
3517.7946924501134
2653.7749434272782
2777.2063361448263
2406.9121579921825
2406.9121579921825
6727.010903106357
2900.637728862374
2653.7749434272782
3270.9319070150173
2900.637728862374
3270.9319070150173
3147.5005142974696
2900.637728862374
-3517.7946924501134
6850.442295823905
-802.3040526640609
1789.7551944044435
3147.5005142974696
2406.9121579921825
2900.637728862374
2900.637728862374
2406.9121579921825
2653.7749434272782
2283.480765274635
2900.637728862374
-1049.1668380991566
6603.5795103888095
2653.7749434272782
2530.3435507097306
2900.637728862374
7344.167866694096
2283.480765274635
3270.9319070150173
2777.2063361448263
3394.3632997325653
3147.5005142974696
2160.049372557087
2653.7749434272782
2160.049372557087
3024.069121579922
2653.7749434272782
6603.5795103888095
2777.2063361448263
3147.5005142974696
2777.2063361448263
2900.637728862374
-3024.069121579922
-2406.9121579921825
-925.7354453816088
3147.5005142974696
2900.637728862374
6850.442295823905
2777.2063361448263
-1049.1668380991566
3024.069121579922
2777.2063361448263
3024.069121579922
-3147.5005142974696
3270.9319070150173
2777.2063361448263
2777.2063361448263
2530.3435507097306
3024.069121579922
3024.069121579922
2530.3435507097306
6233.285332236165
2777.2063361448263
3270.9319070150173
2530.3435507097306
7220.736473976548
2653.7749434272782
2900.637728862374
6973.873688541453
2653.7749434272782
6603.5795103888095
2900.637728862374
6603.5795103888095
2036.6179798395392
-3270.9319070150173
-678.8726599465131
2900.637728862374
6109.853939518617
2653.7749434272782
2653.7749434272782
3641.2260851676606
3147.5005142974696
6109.853939518617
2530.3435507097306
2777.2063361448263
2653.7749434272782
2777.2063361448263
7467.599259411644
2777.2063361448263
2653.7749434272782
7097.305081259
3270.9319070150173
2653.7749434272782
2777.2063361448263
6356.716724953713
-2777.2063361448263
2777.2063361448263
2900.637728862374
2777.2063361448263
2777.2063361448263
8084.756222999383
2900.637728862374
3024.069121579922
3270.9319070150173
3270.9319070150173
3270.9319070150173
2900.637728862374
7344.167866694096
6480.1481176712605
6727.010903106357
3641.2260851676606
3147.5005142974696
2777.2063361448263
2900.637728862374
2653.7749434272782
6233.285332236165
2777.2063361448263
2530.3435507097306
7961.324830281835
-2900.637728862374
1913.1865871219911
3024.069121579922
2530.3435507097306
2406.9121579921825
-1049.1668380991566
-1049.1668380991566
3147.5005142974696
2777.2063361448263
2900.637728862374
2777.2063361448263
2900.637728862374
2777.2063361448263
3147.5005142974696
2283.480765274635
6727.010903106357
3024.069121579922
-2900.637728862374
2530.3435507097306
-2777.2063361448263
2900.637728862374
2777.2063361448263
6233.285332236165
2900.637728862374
2160.049372557087
2777.2063361448263
3147.5005142974696
2900.637728862374
3147.5005142974696
2777.2063361448263
7591.030652129191
3024.069121579922
3147.5005142974696
2530.3435507097306
3024.069121579922
2530.3435507097306
3394.3632997325653
7714.462044846739
2283.480765274635
3270.9319070150173
-1542.8924089693478
2160.049372557087
2900.637728862374
3024.069121579922
2653.7749434272782
7344.167866694096
2530.3435507097306
2900.637728862374
2777.2063361448263
3147.5005142974696
3270.9319070150173
6356.716724953713
8084.756222999383
3270.9319070150173
2406.9121579921825
8948.775972022218
2777.2063361448263
6850.442295823905
-2653.7749434272782
2406.9121579921825
7344.167866694096
1789.7551944044435
5986.42254680107
3024.069121579922
3024.069121579922
6727.010903106357
3024.069121579922
6480.1481176712605
-2777.2063361448263
6480.1481176712605
3147.5005142974696
-3147.5005142974696
3270.9319070150173
2900.637728862374
2653.7749434272782
2777.2063361448263
3270.9319070150173
3147.5005142974696
2900.637728862374
2653.7749434272782
-2653.7749434272782
3024.069121579922
2900.637728862374
2283.480765274635
2777.2063361448263
6109.853939518617
2283.480765274635
3147.5005142974696
3270.9319070150173
2530.3435507097306
2900.637728862374
2777.2063361448263
-2406.9121579921825
-3270.9319070150173
3024.069121579922
6603.5795103888095
2283.480765274635
6480.1481176712605
2530.3435507097306
2530.3435507097306
6850.442295823905
-3517.7946924501134
3147.5005142974696
1913.1865871219911
3270.9319070150173
6727.010903106357
2900.637728862374
4998.971405060687
3517.7946924501134
3024.069121579922
2900.637728862374
2036.6179798395392
2653.7749434272782
-678.8726599465131
2406.9121579921825
2653.7749434272782
2777.2063361448263
2900.637728862374
7467.599259411644
6727.010903106357
-1296.029623534252
3517.7946924501134
2777.2063361448263
3024.069121579922
2406.9121579921825
7714.462044846739
2653.7749434272782
3270.9319070150173
3147.5005142974696
3024.069121579922
2900.637728862374
2777.2063361448263
-678.8726599465131
3270.9319070150173
3270.9319070150173
3517.7946924501134
1666.3238016868959
2900.637728862374
2777.2063361448263
2653.7749434272782
2530.3435507097306
1913.1865871219911
7591.030652129191
3024.069121579922
3270.9319070150173
7220.736473976548
2530.3435507097306
-3764.6574778852087
2530.3435507097306
3270.9319070150173
2777.2063361448263
2406.9121579921825
2900.637728862374
6850.442295823905
2530.3435507097306
2900.637728862374
6727.010903106357
3147.5005142974696
3394.3632997325653
2406.9121579921825
3270.9319070150173
2900.637728862374
2900.637728862374
3517.7946924501134
7714.462044846739
2777.2063361448263
2777.2063361448263
3394.3632997325653
3147.5005142974696
2530.3435507097306
3147.5005142974696
2160.049372557087
2777.2063361448263
2530.3435507097306
3270.9319070150173
2530.3435507097306
1913.1865871219911
6233.285332236165
2900.637728862374
6973.873688541453
6109.853939518617
3024.069121579922
2900.637728862374
2530.3435507097306
2653.7749434272782
2653.7749434272782
3147.5005142974696
2900.637728862374
2900.637728862374
2900.637728862374
-802.3040526640609
2160.049372557087
-3147.5005142974696
2900.637728862374
6233.285332236165
3147.5005142974696
2777.2063361448263
2900.637728862374
7714.462044846739
6480.1481176712605
3024.069121579922
3517.7946924501134
1666.3238016868959
-2777.2063361448263
3024.069121579922
3147.5005142974696
2283.480765274635
-2777.2063361448263
2160.049372557087
6850.442295823905
2653.7749434272782
2900.637728862374
1666.3238016868959
2900.637728862374
7467.599259411644
2653.7749434272782
6480.1481176712605
3394.3632997325653
2160.049372557087
2777.2063361448263
7097.305081259
2653.7749434272782
7220.736473976548
2900.637728862374
2530.3435507097306
2900.637728862374
3024.069121579922
7344.167866694096
3147.5005142974696
2653.7749434272782
6233.285332236165
3147.5005142974696
6603.5795103888095
2900.637728862374
2900.637728862374
2530.3435507097306
2036.6179798395392
-1296.029623534252
3641.2260851676606
6603.5795103888095
2900.637728862374
2036.6179798395392
2777.2063361448263
2777.2063361448263
2900.637728862374
7344.167866694096
2777.2063361448263
7961.324830281835
2036.6179798395392
3147.5005142974696
3147.5005142974696
-2900.637728862374
3147.5005142974696
2283.480765274635
2777.2063361448263
2777.2063361448263
2900.637728862374
2406.9121579921825
2406.9121579921825
2653.7749434272782
3024.069121579922
6727.010903106357
2900.637728862374
2777.2063361448263
2036.6179798395392
2653.7749434272782
2777.2063361448263
3024.069121579922
3147.5005142974696
1913.1865871219911
3024.069121579922
3024.069121579922
-3517.7946924501134
2777.2063361448263
2283.480765274635
3147.5005142974696
7097.305081259
-2900.637728862374
2406.9121579921825
7344.167866694096
6727.010903106357
2653.7749434272782
2900.637728862374
2530.3435507097306
2530.3435507097306
2530.3435507097306
2900.637728862374
3270.9319070150173
-1172.5982308167042
2900.637728862374
3024.069121579922
7097.305081259
-3024.069121579922
3024.069121579922
-3270.9319070150173
3270.9319070150173
3270.9319070150173
3517.7946924501134
7097.305081259
2900.637728862374
2406.9121579921825
2777.2063361448263
6480.1481176712605
7220.736473976548
2777.2063361448263
-2530.3435507097306
2900.637728862374
3024.069121579922
3147.5005142974696
3270.9319070150173
2777.2063361448263
2406.9121579921825
6109.853939518617
2530.3435507097306
3641.2260851676606
7837.8934375642875
3024.069121579922
5986.42254680107
2653.7749434272782
3024.069121579922
2653.7749434272782
2530.3435507097306
2777.2063361448263
-925.7354453816088
2777.2063361448263
5986.42254680107
2900.637728862374
-2777.2063361448263
-2777.2063361448263
2777.2063361448263
2900.637728862374
3270.9319070150173
1542.8924089693478
3517.7946924501134
7344.167866694096
2900.637728862374
3394.3632997325653
3147.5005142974696
7961.324830281835
-3147.5005142974696
6233.285332236165
7097.305081259
3517.7946924501134
-1296.029623534252
2653.7749434272782
2777.2063361448263
2900.637728862374
3270.9319070150173
3024.069121579922
3394.3632997325653
6727.010903106357
2900.637728862374
6356.716724953713
7097.305081259
2900.637728862374
3394.3632997325653
3270.9319070150173
2530.3435507097306
2777.2063361448263
-2900.637728862374
2900.637728862374
3024.069121579922
3024.069121579922
3024.069121579922
3394.3632997325653
6603.5795103888095
1419.4610162518
6850.442295823905
2653.7749434272782
8948.775972022218
2900.637728862374
5986.42254680107
2406.9121579921825
2530.3435507097306
6480.1481176712605
2530.3435507097306
3024.069121579922
6603.5795103888095
2653.7749434272782
2283.480765274635
1789.7551944044435
3024.069121579922
2777.2063361448263
-2283.480765274635
3394.3632997325653
2777.2063361448263
-2777.2063361448263
3270.9319070150173
-3394.3632997325653
7097.305081259
3394.3632997325653
2653.7749434272782
2530.3435507097306
3147.5005142974696
-3270.9319070150173
2530.3435507097306
2900.637728862374
3270.9319070150173
2777.2063361448263
7591.030652129191
7220.736473976548
2777.2063361448263
-3764.6574778852087
2777.2063361448263
2406.9121579921825
6603.5795103888095
2653.7749434272782
2530.3435507097306
2900.637728862374
2160.049372557087
2653.7749434272782
3394.3632997325653
-3024.069121579922
3147.5005142974696
2653.7749434272782
2777.2063361448263
2900.637728862374
2036.6179798395392
2777.2063361448263
2653.7749434272782
3270.9319070150173
7344.167866694096
6850.442295823905
2530.3435507097306
-2653.7749434272782
-2283.480765274635
5862.991154083521
3270.9319070150173
2777.2063361448263
3641.2260851676606
3270.9319070150173
2653.7749434272782
3024.069121579922
6973.873688541453
3147.5005142974696
-1419.4610162518
2406.9121579921825
2777.2063361448263
2283.480765274635
3394.3632997325653
2283.480765274635
3147.5005142974696
3394.3632997325653
2530.3435507097306
-3147.5005142974696
2777.2063361448263
6480.1481176712605
6233.285332236165
2777.2063361448263
2900.637728862374
-2777.2063361448263
2036.6179798395392
2653.7749434272782
-802.3040526640609
7220.736473976548
2160.049372557087
2900.637728862374
6480.1481176712605
5739.559761365974
2900.637728862374
-1049.1668380991566
2900.637728862374
2900.637728862374
2777.2063361448263
2777.2063361448263
2530.3435507097306
3270.9319070150173
3394.3632997325653
3641.2260851676606
8331.619008434478
2900.637728862374
3147.5005142974696
2653.7749434272782
3270.9319070150173
2530.3435507097306
2900.637728862374
6973.873688541453
2406.9121579921825
6356.716724953713
2406.9121579921825
2900.637728862374
3764.6574778852087
3517.7946924501134
6603.5795103888095
-3147.5005142974696
2900.637728862374
3147.5005142974696
-3394.3632997325653
7220.736473976548
2530.3435507097306
2900.637728862374
6233.285332236165
3517.7946924501134
2900.637728862374
2777.2063361448263
2900.637728862374
2900.637728862374
2900.637728862374
-2777.2063361448263
2900.637728862374
2283.480765274635
6973.873688541453
2900.637728862374
6109.853939518617
2653.7749434272782
2900.637728862374
3024.069121579922
2777.2063361448263
7591.030652129191
3024.069121579922
3270.9319070150173
2777.2063361448263
2653.7749434272782
2283.480765274635
3641.2260851676606
7097.305081259
3270.9319070150173
1913.1865871219911
2900.637728862374
7467.599259411644
2777.2063361448263
2777.2063361448263
3024.069121579922
-1172.5982308167042
2777.2063361448263
-1542.8924089693478
3024.069121579922
7837.8934375642875
2777.2063361448263
3024.069121579922
3270.9319070150173
2283.480765274635
2777.2063361448263
2777.2063361448263
2283.480765274635
-1296.029623534252
2653.7749434272782
5616.128368648427
2900.637728862374
-802.3040526640609
6233.285332236165
2900.637728862374
2530.3435507097306
-3517.7946924501134
2653.7749434272782
3024.069121579922
2530.3435507097306
7714.462044846739
925.7354453816088
3024.069121579922
2160.049372557087
3147.5005142974696
7714.462044846739
2777.2063361448263
-1296.029623534252
3394.3632997325653
3024.069121579922
6603.5795103888095
3024.069121579922
3147.5005142974696
2900.637728862374
2653.7749434272782
2900.637728862374
3147.5005142974696
2653.7749434272782
3270.9319070150173
7467.599259411644
2777.2063361448263
1296.029623534252
2653.7749434272782
3394.3632997325653
2653.7749434272782
3147.5005142974696
5492.696975930878
7220.736473976548
2653.7749434272782
3024.069121579922
2160.049372557087
2653.7749434272782
3147.5005142974696
3024.069121579922
2530.3435507097306
-1172.5982308167042
2653.7749434272782
2777.2063361448263
2653.7749434272782
6603.5795103888095
2653.7749434272782
2900.637728862374
7714.462044846739
3394.3632997325653
4011.520263320305
3147.5005142974696
6973.873688541453
2777.2063361448263
-1172.5982308167042
3024.069121579922
6850.442295823905
5862.991154083521
3024.069121579922
2530.3435507097306
2653.7749434272782
6480.1481176712605
2777.2063361448263
2160.049372557087
2283.480765274635
2406.9121579921825
3024.069121579922
2900.637728862374
2530.3435507097306
2530.3435507097306
3024.069121579922
3024.069121579922
5739.559761365974
3147.5005142974696
3641.2260851676606
3147.5005142974696
2530.3435507097306
2653.7749434272782
3394.3632997325653
6480.1481176712605
3270.9319070150173
2406.9121579921825
3270.9319070150173
2900.637728862374
7714.462044846739
3270.9319070150173
2900.637728862374
2777.2063361448263
3024.069121579922
-555.4412672289652
3147.5005142974696
2530.3435507097306
3024.069121579922
2160.049372557087
2160.049372557087
7097.305081259
3024.069121579922
6727.010903106357
2530.3435507097306
2653.7749434272782
2406.9121579921825
2653.7749434272782
2900.637728862374
3147.5005142974696
6727.010903106357
7467.599259411644
2406.9121579921825
3394.3632997325653
7591.030652129191
2406.9121579921825
-678.8726599465131
2530.3435507097306
3024.069121579922
3147.5005142974696
2900.637728862374
2777.2063361448263
1913.1865871219911
3394.3632997325653
-3024.069121579922
-2777.2063361448263
3270.9319070150173
2777.2063361448263
3517.7946924501134
2036.6179798395392
2777.2063361448263
3024.069121579922
7344.167866694096
2900.637728862374
3394.3632997325653
3270.9319070150173
6727.010903106357
6603.5795103888095
7344.167866694096
2160.049372557087
2777.2063361448263
2283.480765274635
3147.5005142974696
2900.637728862374
3270.9319070150173
2900.637728862374
-2406.9121579921825
2653.7749434272782
2900.637728862374
3024.069121579922
-3024.069121579922
3024.069121579922
3394.3632997325653
2160.049372557087
3394.3632997325653
3024.069121579922
3147.5005142974696
6850.442295823905
-1172.5982308167042
2653.7749434272782
2777.2063361448263
2777.2063361448263
3270.9319070150173
2530.3435507097306
-925.7354453816088
2653.7749434272782
2900.637728862374
3394.3632997325653
2406.9121579921825
-3147.5005142974696
3270.9319070150173
2900.637728862374
6356.716724953713
6233.285332236165
2653.7749434272782
-555.4412672289652
-1049.1668380991566
3147.5005142974696
2406.9121579921825
2530.3435507097306
2900.637728862374
2777.2063361448263
7097.305081259
3024.069121579922
3147.5005142974696
-3147.5005142974696
6973.873688541453
3147.5005142974696
2653.7749434272782
3270.9319070150173
2900.637728862374
3394.3632997325653
5986.42254680107
7220.736473976548
2900.637728862374
2530.3435507097306
2900.637728862374
3270.9319070150173
3024.069121579922
2900.637728862374
1419.4610162518
3394.3632997325653
7344.167866694096
2777.2063361448263
2406.9121579921825
3270.9319070150173
3270.9319070150173
3024.069121579922
-925.7354453816088
2653.7749434272782
2653.7749434272782
2777.2063361448263
2530.3435507097306
2530.3435507097306
5986.42254680107
2777.2063361448263
-1049.1668380991566
2777.2063361448263
2530.3435507097306
2900.637728862374
2653.7749434272782
3147.5005142974696
3024.069121579922
-2777.2063361448263
1542.8924089693478
2900.637728862374
2283.480765274635
2900.637728862374
3764.6574778852087
2653.7749434272782
7344.167866694096
2777.2063361448263
6603.5795103888095
-3270.9319070150173
2900.637728862374
3147.5005142974696
2900.637728862374
3147.5005142974696
2406.9121579921825
-2900.637728862374
2530.3435507097306
6233.285332236165
2777.2063361448263
2777.2063361448263
-1419.4610162518
-3147.5005142974696
2653.7749434272782
2777.2063361448263
-3024.069121579922
3270.9319070150173
2653.7749434272782
7961.324830281835
2406.9121579921825
6727.010903106357
2777.2063361448263
2283.480765274635
3147.5005142974696
3024.069121579922
7714.462044846739
3394.3632997325653
2900.637728862374
7344.167866694096
3270.9319070150173
8208.18761571693
6356.716724953713
2406.9121579921825
2777.2063361448263
2900.637728862374
2900.637728862374
2406.9121579921825
3147.5005142974696
3270.9319070150173
6603.5795103888095
3024.069121579922
3024.069121579922
7344.167866694096
3270.9319070150173
6109.853939518617
3024.069121579922
2653.7749434272782
2283.480765274635
2900.637728862374
6727.010903106357
3024.069121579922
2777.2063361448263
2160.049372557087
2283.480765274635
2653.7749434272782
6356.716724953713
1913.1865871219911
2653.7749434272782
7467.599259411644
3764.6574778852087
2777.2063361448263
2777.2063361448263
3024.069121579922
2406.9121579921825
2406.9121579921825
3024.069121579922
3147.5005142974696
2653.7749434272782
3147.5005142974696
6480.1481176712605
3024.069121579922
3147.5005142974696
2406.9121579921825
2777.2063361448263
2777.2063361448263
3024.069121579922
2653.7749434272782
3147.5005142974696
2777.2063361448263
3147.5005142974696
2900.637728862374
2283.480765274635
3147.5005142974696
3147.5005142974696
2406.9121579921825
1049.1668380991566
2900.637728862374
3024.069121579922
2530.3435507097306
6850.442295823905
2900.637728862374
6356.716724953713
3024.069121579922
2900.637728862374
2530.3435507097306
6727.010903106357
7220.736473976548
-925.7354453816088
-3024.069121579922
6480.1481176712605
2653.7749434272782
2777.2063361448263
2283.480765274635
6727.010903106357
2900.637728862374
3394.3632997325653
2283.480765274635
1913.1865871219911
2900.637728862374
3024.069121579922
6109.853939518617
7837.8934375642875
2160.049372557087
7097.305081259
-925.7354453816088
-802.3040526640609
2777.2063361448263
2653.7749434272782
-3024.069121579922
2777.2063361448263
6727.010903106357
3270.9319070150173
5986.42254680107
2283.480765274635
3394.3632997325653
7467.599259411644
3394.3632997325653
2406.9121579921825
2653.7749434272782
6603.5795103888095
2530.3435507097306
7097.305081259
2900.637728862374
1913.1865871219911
-802.3040526640609
-3641.2260851676606
2406.9121579921825
3024.069121579922
2653.7749434272782
2777.2063361448263
2283.480765274635
-2900.637728862374
2653.7749434272782
2653.7749434272782
3517.7946924501134
2406.9121579921825
2653.7749434272782
3147.5005142974696
3517.7946924501134
2653.7749434272782
2530.3435507097306
3024.069121579922
6973.873688541453
-2406.9121579921825
2036.6179798395392
-555.4412672289652
3394.3632997325653
2406.9121579921825
2900.637728862374
3270.9319070150173
3147.5005142974696
3024.069121579922
2530.3435507097306
2900.637728862374
2530.3435507097306
8084.756222999383
3394.3632997325653
2900.637728862374
3270.9319070150173
2900.637728862374
3641.2260851676606
3024.069121579922
2653.7749434272782
2160.049372557087
8208.18761571693
3270.9319070150173
3517.7946924501134
-3394.3632997325653
2036.6179798395392
3147.5005142974696
2406.9121579921825
-3517.7946924501134
2777.2063361448263
6973.873688541453
2777.2063361448263
3270.9319070150173
6603.5795103888095
6603.5795103888095
3270.9319070150173
6850.442295823905
2900.637728862374
2036.6179798395392
2777.2063361448263
-1419.4610162518
2777.2063361448263
2653.7749434272782
2900.637728862374
2777.2063361448263
6356.716724953713
-2900.637728862374
2530.3435507097306
6356.716724953713
6850.442295823905
3270.9319070150173
7961.324830281835
-3024.069121579922
3270.9319070150173
3147.5005142974696
2777.2063361448263
2653.7749434272782
3147.5005142974696
-1172.5982308167042
1789.7551944044435
-1542.8924089693478
3270.9319070150173
-3024.069121579922
2653.7749434272782
-2777.2063361448263
-2530.3435507097306
2900.637728862374
2530.3435507097306
6850.442295823905
2653.7749434272782
7097.305081259
3147.5005142974696
2653.7749434272782
1913.1865871219911
3024.069121579922
2036.6179798395392
3394.3632997325653
3024.069121579922
2777.2063361448263
5862.991154083521
2283.480765274635
6973.873688541453
2530.3435507097306
2036.6179798395392
3147.5005142974696
2653.7749434272782
2653.7749434272782
2530.3435507097306
2530.3435507097306
7220.736473976548
6727.010903106357
-925.7354453816088
2777.2063361448263
3517.7946924501134
-3394.3632997325653
2406.9121579921825
7344.167866694096
2777.2063361448263
3147.5005142974696
2530.3435507097306
3024.069121579922
2653.7749434272782
2406.9121579921825
2900.637728862374
7344.167866694096
2530.3435507097306
2406.9121579921825
2653.7749434272782
2406.9121579921825
6603.5795103888095
3147.5005142974696
3024.069121579922
2777.2063361448263
3270.9319070150173
2406.9121579921825
3147.5005142974696
2777.2063361448263
7714.462044846739
2406.9121579921825
3024.069121579922
2530.3435507097306
2406.9121579921825
1913.1865871219911
2530.3435507097306
3024.069121579922
7344.167866694096
2283.480765274635
2283.480765274635
2283.480765274635
6480.1481176712605
2530.3435507097306
6356.716724953713
3147.5005142974696
2777.2063361448263
2900.637728862374
2653.7749434272782
3024.069121579922
2900.637728862374
3641.2260851676606
2900.637728862374
3517.7946924501134
2160.049372557087
2406.9121579921825
2777.2063361448263
2283.480765274635
3394.3632997325653
2283.480765274635
3394.3632997325653
3024.069121579922
2530.3435507097306
3270.9319070150173
2653.7749434272782
2900.637728862374
-678.8726599465131
6727.010903106357
2406.9121579921825
2777.2063361448263
2900.637728862374
2530.3435507097306
6973.873688541453
6850.442295823905
-3024.069121579922
2653.7749434272782
2406.9121579921825
3024.069121579922
-1542.8924089693478
2900.637728862374
2900.637728862374
2653.7749434272782
1296.029623534252
6109.853939518617
3270.9319070150173
-3517.7946924501134
2530.3435507097306
6603.5795103888095
3147.5005142974696
2900.637728862374
2900.637728862374
3270.9319070150173
3147.5005142974696
2530.3435507097306
3024.069121579922
6727.010903106357
2653.7749434272782
2900.637728862374
3024.069121579922
3024.069121579922
3517.7946924501134
-555.4412672289652
3024.069121579922
3147.5005142974696
7467.599259411644
6727.010903106357
2653.7749434272782
3024.069121579922
2530.3435507097306
3024.069121579922
-1049.1668380991566
2900.637728862374
2777.2063361448263
3024.069121579922
2653.7749434272782
6973.873688541453
2900.637728862374
1789.7551944044435
2530.3435507097306
3147.5005142974696
2653.7749434272782
2530.3435507097306
2653.7749434272782
2406.9121579921825
-3641.2260851676606
2777.2063361448263
-3394.3632997325653
3270.9319070150173
3147.5005142974696
2530.3435507097306
3024.069121579922
3517.7946924501134
-925.7354453816088
7097.305081259
2900.637728862374
2283.480765274635
1789.7551944044435
2406.9121579921825
3270.9319070150173
2900.637728862374
3394.3632997325653
7961.324830281835
3394.3632997325653
-2653.7749434272782
3641.2260851676606
2406.9121579921825
2777.2063361448263
2653.7749434272782
-3394.3632997325653
2406.9121579921825
2777.2063361448263
2777.2063361448263
2530.3435507097306
2777.2063361448263
2653.7749434272782
3394.3632997325653
2900.637728862374
-1049.1668380991566
3024.069121579922
2900.637728862374
3394.3632997325653
2530.3435507097306
7097.305081259
3270.9319070150173
2777.2063361448263
2777.2063361448263
2777.2063361448263
2530.3435507097306
3147.5005142974696
3147.5005142974696
2653.7749434272782
1666.3238016868959
7591.030652129191
2530.3435507097306
2777.2063361448263
6480.1481176712605
2406.9121579921825
2777.2063361448263
6356.716724953713
-925.7354453816088
-1419.4610162518
-1419.4610162518
6480.1481176712605
2777.2063361448263
2283.480765274635
3270.9319070150173
2653.7749434272782
6480.1481176712605
3270.9319070150173
3394.3632997325653
2777.2063361448263
2653.7749434272782
-925.7354453816088
2653.7749434272782
-2653.7749434272782
3024.069121579922
2653.7749434272782
3270.9319070150173
3147.5005142974696
3147.5005142974696
3024.069121579922
6233.285332236165
2900.637728862374
3641.2260851676606
7467.599259411644
2777.2063361448263
-2900.637728862374
3394.3632997325653
3024.069121579922
2653.7749434272782
2777.2063361448263
3147.5005142974696
3147.5005142974696
3394.3632997325653
-1049.1668380991566
7097.305081259
3024.069121579922
2530.3435507097306
7961.324830281835
6727.010903106357
3024.069121579922
6850.442295823905
2036.6179798395392
2777.2063361448263
2653.7749434272782
6850.442295823905
-3147.5005142974696
3270.9319070150173
8208.18761571693
3147.5005142974696
2283.480765274635
3147.5005142974696
3024.069121579922
3517.7946924501134
2406.9121579921825
2530.3435507097306
2406.9121579921825
2900.637728862374
2283.480765274635
7097.305081259
3270.9319070150173
2283.480765274635
2530.3435507097306
2777.2063361448263
2900.637728862374
2653.7749434272782
-1049.1668380991566
6480.1481176712605
2900.637728862374
6233.285332236165
6603.5795103888095
-2406.9121579921825
2777.2063361448263
-2900.637728862374
6973.873688541453
2777.2063361448263
2036.6179798395392
1542.8924089693478
2283.480765274635
1913.1865871219911
3147.5005142974696
3024.069121579922
6603.5795103888095
2406.9121579921825
3024.069121579922
2653.7749434272782
7220.736473976548
3147.5005142974696
2653.7749434272782
2900.637728862374
2406.9121579921825
2777.2063361448263
2036.6179798395392
3147.5005142974696
2653.7749434272782
2530.3435507097306
3147.5005142974696
3024.069121579922
3270.9319070150173
-1542.8924089693478
7097.305081259
3517.7946924501134
3517.7946924501134
2900.637728862374
3024.069121579922
-2900.637728862374
6850.442295823905
2530.3435507097306
7714.462044846739
2160.049372557087
7837.8934375642875
-2900.637728862374
2777.2063361448263
6109.853939518617
3147.5005142974696
7714.462044846739
6727.010903106357
2653.7749434272782
2777.2063361448263
6233.285332236165
2406.9121579921825
2653.7749434272782
3147.5005142974696
8331.619008434478
2283.480765274635
2530.3435507097306
6603.5795103888095
3270.9319070150173
2777.2063361448263
1913.1865871219911
2900.637728862374
2653.7749434272782
7714.462044846739
-2653.7749434272782
2530.3435507097306
5616.128368648427
2900.637728862374
-2406.9121579921825
2653.7749434272782
6603.5795103888095
3147.5005142974696
2653.7749434272782
2900.637728862374
3024.069121579922
3024.069121579922
3147.5005142974696
3024.069121579922
2406.9121579921825
2653.7749434272782
3270.9319070150173
6727.010903106357
3147.5005142974696
2777.2063361448263
2283.480765274635
6850.442295823905
7591.030652129191
6356.716724953713
3394.3632997325653
2406.9121579921825
-3517.7946924501134
2036.6179798395392
8084.756222999383
2406.9121579921825
6109.853939518617
3270.9319070150173
8331.619008434478
2530.3435507097306
3147.5005142974696
2900.637728862374
-2900.637728862374
2530.3435507097306
3641.2260851676606
2777.2063361448263
2900.637728862374
2653.7749434272782
2530.3435507097306
3024.069121579922
2036.6179798395392
2653.7749434272782
3270.9319070150173
2777.2063361448263
-3024.069121579922
2530.3435507097306
3024.069121579922
7344.167866694096
2900.637728862374
2653.7749434272782
2530.3435507097306
2283.480765274635
3024.069121579922
2900.637728862374
7591.030652129191
2406.9121579921825
-3147.5005142974696
2530.3435507097306
3147.5005142974696
7467.599259411644
3147.5005142974696
6603.5795103888095
2283.480765274635
7344.167866694096
3270.9319070150173
-678.8726599465131
2283.480765274635
3270.9319070150173
2900.637728862374
7344.167866694096
3024.069121579922
2406.9121579921825
6480.1481176712605
6109.853939518617
2900.637728862374
-3270.9319070150173
-2777.2063361448263
6973.873688541453
2530.3435507097306
5862.991154083521
3147.5005142974696
2777.2063361448263
2653.7749434272782
-432.00987451141737
1913.1865871219911
6356.716724953713
-1172.5982308167042
2530.3435507097306
3270.9319070150173
3024.069121579922
-1296.029623534252
3024.069121579922
3024.069121579922
5616.128368648427
2900.637728862374
3024.069121579922
2777.2063361448263
7344.167866694096
-3147.5005142974696
2653.7749434272782
2777.2063361448263
2900.637728862374
3024.069121579922
2530.3435507097306
3270.9319070150173
2653.7749434272782
2777.2063361448263
2036.6179798395392
2530.3435507097306
3024.069121579922
-1172.5982308167042
-3517.7946924501134
2653.7749434272782
-1172.5982308167042
2777.2063361448263
2777.2063361448263
6233.285332236165
3394.3632997325653
6973.873688541453
6109.853939518617
7467.599259411644
3024.069121579922
3024.069121579922
2900.637728862374
3517.7946924501134
7220.736473976548
7467.599259411644
2653.7749434272782
2530.3435507097306
6356.716724953713
6850.442295823905
3024.069121579922
3147.5005142974696
3024.069121579922
2653.7749434272782
3024.069121579922
-925.7354453816088
6603.5795103888095
-1542.8924089693478
6480.1481176712605
4998.971405060687
6603.5795103888095
2283.480765274635
3024.069121579922
2530.3435507097306
3270.9319070150173
3024.069121579922
2530.3435507097306
3270.9319070150173
6109.853939518617
-1419.4610162518
2777.2063361448263
7591.030652129191
3394.3632997325653
2530.3435507097306
3270.9319070150173
2900.637728862374
6850.442295823905
2530.3435507097306
-678.8726599465131
2653.7749434272782
6233.285332236165
2900.637728862374
2777.2063361448263
-555.4412672289652
3270.9319070150173
2900.637728862374
2160.049372557087
7591.030652129191
2653.7749434272782
2900.637728862374
1913.1865871219911
3394.3632997325653
-2777.2063361448263
2900.637728862374
2777.2063361448263
6973.873688541453
2530.3435507097306
2777.2063361448263
7714.462044846739
6727.010903106357
2900.637728862374
7344.167866694096
2900.637728862374
2530.3435507097306
1542.8924089693478
6727.010903106357
-3394.3632997325653
2777.2063361448263
3147.5005142974696
7467.599259411644
2777.2063361448263
3394.3632997325653
7591.030652129191
-1172.5982308167042
2653.7749434272782
3147.5005142974696
2900.637728862374
7714.462044846739
3394.3632997325653
2653.7749434272782
2036.6179798395392
2777.2063361448263
7344.167866694096
3394.3632997325653
2900.637728862374
2160.049372557087
3024.069121579922
3147.5005142974696
2653.7749434272782
2653.7749434272782
3024.069121579922
2653.7749434272782
2530.3435507097306
2406.9121579921825
3024.069121579922
2406.9121579921825
2653.7749434272782
2036.6179798395392
2160.049372557087
-3270.9319070150173
5492.696975930878
7961.324830281835
3024.069121579922
3147.5005142974696
2653.7749434272782
6233.285332236165
6603.5795103888095
3147.5005142974696
6850.442295823905
2900.637728862374
2653.7749434272782
-1049.1668380991566
2530.3435507097306
1296.029623534252
2283.480765274635
3147.5005142974696
2530.3435507097306
3024.069121579922
2036.6179798395392
3270.9319070150173
3024.069121579922
3270.9319070150173
-925.7354453816088
-3024.069121579922
-3024.069121579922
3024.069121579922
3147.5005142974696
3147.5005142974696
-308.57848179386957
3024.069121579922
6356.716724953713
2653.7749434272782
3270.9319070150173
2900.637728862374
2406.9121579921825
3024.069121579922
2900.637728862374
2406.9121579921825
2653.7749434272782
2900.637728862374
6603.5795103888095
3147.5005142974696
3147.5005142974696
2160.049372557087
7714.462044846739
3517.7946924501134
8331.619008434478
5739.559761365974
2777.2063361448263
2900.637728862374
2900.637728862374
2777.2063361448263
2900.637728862374
2530.3435507097306
3394.3632997325653
3394.3632997325653
2283.480765274635
2777.2063361448263
3764.6574778852087
2777.2063361448263
3147.5005142974696
3147.5005142974696
3024.069121579922
1913.1865871219911
2406.9121579921825
2653.7749434272782
-802.3040526640609
2406.9121579921825
-3394.3632997325653
2283.480765274635
2900.637728862374
6850.442295823905
3147.5005142974696
2900.637728862374
2653.7749434272782
2900.637728862374
2160.049372557087
2777.2063361448263
2777.2063361448263
3270.9319070150173
2406.9121579921825
3024.069121579922
3270.9319070150173
3024.069121579922
1789.7551944044435
2406.9121579921825
-3394.3632997325653
2777.2063361448263
3641.2260851676606
3024.069121579922
2900.637728862374
3270.9319070150173
-1296.029623534252
2777.2063361448263
-1419.4610162518
2900.637728862374
-3024.069121579922
3147.5005142974696
6850.442295823905
2653.7749434272782
2653.7749434272782
2530.3435507097306
2777.2063361448263
7591.030652129191
3147.5005142974696
3147.5005142974696
2406.9121579921825
2900.637728862374
2406.9121579921825
2653.7749434272782
7097.305081259
-678.8726599465131
-1542.8924089693478
2653.7749434272782
2653.7749434272782
-3024.069121579922
2900.637728862374
1419.4610162518
3147.5005142974696
3147.5005142974696
3517.7946924501134
6850.442295823905
2900.637728862374
3024.069121579922
-3024.069121579922
2777.2063361448263
2283.480765274635
3270.9319070150173
2900.637728862374
3270.9319070150173
2900.637728862374
3147.5005142974696
2653.7749434272782
7837.8934375642875
6973.873688541453
2777.2063361448263
1913.1865871219911
2900.637728862374
3147.5005142974696
2900.637728862374
2406.9121579921825
2900.637728862374
2653.7749434272782
-1419.4610162518
6109.853939518617
2036.6179798395392
7344.167866694096
2900.637728862374
7097.305081259
-2653.7749434272782
2653.7749434272782
-3147.5005142974696
3024.069121579922
2900.637728862374
3147.5005142974696
-3024.069121579922
6233.285332236165
7714.462044846739
2283.480765274635
2900.637728862374
3270.9319070150173
2900.637728862374
2530.3435507097306
3147.5005142974696
2900.637728862374
2530.3435507097306
2653.7749434272782
5492.696975930878
2530.3435507097306
2653.7749434272782
2777.2063361448263
2900.637728862374
3024.069121579922
1913.1865871219911
2777.2063361448263
3024.069121579922
2777.2063361448263
2283.480765274635
2406.9121579921825
6480.1481176712605
2900.637728862374
7714.462044846739
2036.6179798395392
3024.069121579922
2530.3435507097306
2653.7749434272782
3024.069121579922
6727.010903106357
1666.3238016868959
6356.716724953713
2653.7749434272782
2777.2063361448263
2777.2063361448263
-3024.069121579922
3024.069121579922
3147.5005142974696
3147.5005142974696
2653.7749434272782
3147.5005142974696
2406.9121579921825
-3517.7946924501134
2777.2063361448263
5986.42254680107
-2777.2063361448263
1666.3238016868959
3147.5005142974696
3024.069121579922
3270.9319070150173
3024.069121579922
-3147.5005142974696
2406.9121579921825
3147.5005142974696
3147.5005142974696
2653.7749434272782
-1049.1668380991566
2406.9121579921825
-1419.4610162518
3270.9319070150173
2777.2063361448263
3394.3632997325653
2283.480765274635
2900.637728862374
2530.3435507097306
-1049.1668380991566
3270.9319070150173
2777.2063361448263
2900.637728862374
3024.069121579922
7344.167866694096
5862.991154083521
7837.8934375642875
2160.049372557087
3517.7946924501134
3024.069121579922
2406.9121579921825
2777.2063361448263
2406.9121579921825
2653.7749434272782
3270.9319070150173
3147.5005142974696
-308.57848179386957
1913.1865871219911
3024.069121579922
2653.7749434272782
2530.3435507097306
2653.7749434272782
2653.7749434272782
2900.637728862374
2777.2063361448263
2900.637728862374
3024.069121579922
6973.873688541453
2777.2063361448263
2530.3435507097306
3024.069121579922
7467.599259411644
3394.3632997325653
2406.9121579921825
-1172.5982308167042
3517.7946924501134
2160.049372557087
2900.637728862374
2653.7749434272782
6109.853939518617
5986.42254680107
3517.7946924501134
2900.637728862374
2900.637728862374
-2653.7749434272782
1542.8924089693478
2777.2063361448263
2900.637728862374
3147.5005142974696
-2406.9121579921825
3517.7946924501134
-2406.9121579921825
2900.637728862374
2530.3435507097306
2777.2063361448263
6356.716724953713
2900.637728862374
6109.853939518617
2653.7749434272782
-2900.637728862374
6973.873688541453
7837.8934375642875
2900.637728862374
-1419.4610162518
2900.637728862374
2530.3435507097306
2653.7749434272782
2777.2063361448263
3024.069121579922
2777.2063361448263
2900.637728862374
2653.7749434272782
3024.069121579922
-3764.6574778852087
-2653.7749434272782
3024.069121579922
7344.167866694096
3147.5005142974696
-2900.637728862374
2283.480765274635
3147.5005142974696
3024.069121579922
3394.3632997325653
2777.2063361448263
2900.637728862374
7344.167866694096
6973.873688541453
3024.069121579922
2036.6179798395392
3147.5005142974696
2283.480765274635
6973.873688541453
2160.049372557087
2900.637728862374
2653.7749434272782
3270.9319070150173
3147.5005142974696
6727.010903106357
3147.5005142974696
-2900.637728862374
2653.7749434272782
-2900.637728862374
3024.069121579922
2900.637728862374
3024.069121579922
6603.5795103888095
6480.1481176712605
1913.1865871219911
3270.9319070150173
2160.049372557087
2653.7749434272782
2283.480765274635
7220.736473976548
3024.069121579922
2406.9121579921825
2653.7749434272782
2777.2063361448263
2530.3435507097306
3270.9319070150173
5862.991154083521
7097.305081259
3024.069121579922
3024.069121579922
1913.1865871219911
3024.069121579922
3024.069121579922
2900.637728862374
2777.2063361448263
2653.7749434272782
2160.049372557087
2777.2063361448263
2777.2063361448263
2777.2063361448263
2036.6179798395392
3394.3632997325653
2653.7749434272782
3517.7946924501134
-925.7354453816088
2406.9121579921825
-3517.7946924501134
3147.5005142974696
3394.3632997325653
-1172.5982308167042
-3147.5005142974696
2406.9121579921825
3147.5005142974696
2406.9121579921825
925.7354453816088
2653.7749434272782
2900.637728862374
2777.2063361448263
3024.069121579922
-1049.1668380991566
2283.480765274635
3270.9319070150173
1789.7551944044435
-2777.2063361448263
2900.637728862374
2653.7749434272782
6973.873688541453
-1172.5982308167042
2530.3435507097306
-1296.029623534252
3147.5005142974696
2653.7749434272782
2900.637728862374
6727.010903106357
3147.5005142974696
2406.9121579921825
2530.3435507097306
6603.5795103888095
6727.010903106357
3394.3632997325653
2777.2063361448263
7344.167866694096
3394.3632997325653
3024.069121579922
2777.2063361448263
3024.069121579922
2530.3435507097306
-2777.2063361448263
-3394.3632997325653
2900.637728862374
3024.069121579922
1419.4610162518
2900.637728862374
3024.069121579922
2900.637728862374
3147.5005142974696
2777.2063361448263
3024.069121579922
2406.9121579921825
3147.5005142974696
2530.3435507097306
2530.3435507097306
2283.480765274635
2283.480765274635
2777.2063361448263
3024.069121579922
3270.9319070150173
3024.069121579922
-3270.9319070150173
2777.2063361448263
7344.167866694096
3270.9319070150173
-3270.9319070150173
3270.9319070150173
2777.2063361448263
3147.5005142974696
2406.9121579921825
3024.069121579922
2406.9121579921825
2777.2063361448263
2900.637728862374
-1049.1668380991566
6603.5795103888095
3394.3632997325653
3394.3632997325653
6727.010903106357
5862.991154083521
3024.069121579922
2530.3435507097306
3147.5005142974696
3024.069121579922
2777.2063361448263
6727.010903106357
1049.1668380991566
2900.637728862374
7591.030652129191
2777.2063361448263
2406.9121579921825
3147.5005142974696
3394.3632997325653
2777.2063361448263
2900.637728862374
3024.069121579922
2900.637728862374
-802.3040526640609
5986.42254680107
6480.1481176712605
3147.5005142974696
-2283.480765274635
-3270.9319070150173
3270.9319070150173
3641.2260851676606
2777.2063361448263
2283.480765274635
2777.2063361448263
2900.637728862374
2283.480765274635
2530.3435507097306
3024.069121579922
6356.716724953713
2777.2063361448263
3024.069121579922
6356.716724953713
2777.2063361448263
3024.069121579922
3024.069121579922
2777.2063361448263
2406.9121579921825
2900.637728862374
2900.637728862374
2036.6179798395392
3024.069121579922
7220.736473976548
2283.480765274635
-3517.7946924501134
3024.069121579922
-925.7354453816088
2406.9121579921825
2900.637728862374
2777.2063361448263
2900.637728862374
7097.305081259
2777.2063361448263
2653.7749434272782
2777.2063361448263
2900.637728862374
2530.3435507097306
-3024.069121579922
2900.637728862374
2900.637728862374
2777.2063361448263
2777.2063361448263
7097.305081259
6727.010903106357
2530.3435507097306
2777.2063361448263
2777.2063361448263
3024.069121579922
3147.5005142974696
3270.9319070150173
2653.7749434272782
3270.9319070150173
2900.637728862374
-3024.069121579922
-1049.1668380991566
3147.5005142974696
2900.637728862374
7097.305081259
2777.2063361448263
6973.873688541453
7220.736473976548
-3394.3632997325653
3147.5005142974696
3024.069121579922
6727.010903106357
-1296.029623534252
1296.029623534252
-3517.7946924501134
-3024.069121579922
1542.8924089693478
3024.069121579922
3147.5005142974696
3024.069121579922
2036.6179798395392
6727.010903106357
3147.5005142974696
7591.030652129191
3024.069121579922
3147.5005142974696
-2406.9121579921825
2900.637728862374
2653.7749434272782
3024.069121579922
-3517.7946924501134
2406.9121579921825
2900.637728862374
2653.7749434272782
-2900.637728862374
2900.637728862374
3024.069121579922
-1542.8924089693478
2530.3435507097306
2777.2063361448263
2160.049372557087
7837.8934375642875
-1296.029623534252
3024.069121579922
3147.5005142974696
6603.5795103888095
2900.637728862374
-3270.9319070150173
7097.305081259
7714.462044846739
2900.637728862374
3147.5005142974696
2900.637728862374
2530.3435507097306
3394.3632997325653
2777.2063361448263
2777.2063361448263
-2653.7749434272782
2777.2063361448263
2530.3435507097306
2530.3435507097306
2406.9121579921825
2900.637728862374
3270.9319070150173
7220.736473976548
3270.9319070150173
2777.2063361448263
3024.069121579922
2777.2063361448263
3147.5005142974696
1913.1865871219911
2777.2063361448263
2406.9121579921825
-1296.029623534252
3764.6574778852087
3024.069121579922
2777.2063361448263
7837.8934375642875
3270.9319070150173
2530.3435507097306
2406.9121579921825
2653.7749434272782
3024.069121579922
3024.069121579922
2653.7749434272782
5986.42254680107
3024.069121579922
2900.637728862374
-1172.5982308167042
2777.2063361448263
2406.9121579921825
2777.2063361448263
3394.3632997325653
2653.7749434272782
2900.637728862374
3024.069121579922
2653.7749434272782
7591.030652129191
3270.9319070150173
-1296.029623534252
2653.7749434272782
2777.2063361448263
2900.637728862374
3394.3632997325653
3024.069121579922
3024.069121579922
2777.2063361448263
2406.9121579921825
-925.7354453816088
-2653.7749434272782
2653.7749434272782
3270.9319070150173
2900.637728862374
2777.2063361448263
2530.3435507097306
3024.069121579922
7097.305081259
2283.480765274635
3147.5005142974696
3394.3632997325653
2777.2063361448263
2653.7749434272782
7591.030652129191
2653.7749434272782
6233.285332236165
3270.9319070150173
2777.2063361448263
-3024.069121579922
2283.480765274635
2036.6179798395392
7220.736473976548
2777.2063361448263
2900.637728862374
2777.2063361448263
2900.637728862374
3517.7946924501134
3024.069121579922
6356.716724953713
-802.3040526640609
3147.5005142974696
2777.2063361448263
7344.167866694096
6356.716724953713
2900.637728862374
5862.991154083521
7344.167866694096
7467.599259411644
6603.5795103888095
2406.9121579921825
3024.069121579922
2653.7749434272782
2900.637728862374
2900.637728862374
3024.069121579922
7220.736473976548
3024.069121579922
3147.5005142974696
7220.736473976548
3147.5005142974696
-1542.8924089693478
3024.069121579922
2283.480765274635
2777.2063361448263
2406.9121579921825
2530.3435507097306
2530.3435507097306
2406.9121579921825
7837.8934375642875
-1542.8924089693478
7344.167866694096
3270.9319070150173
1789.7551944044435
1542.8924089693478
-1172.5982308167042
2653.7749434272782
3024.069121579922
2283.480765274635
-3147.5005142974696
2777.2063361448263
2900.637728862374
2900.637728862374
2653.7749434272782
3147.5005142974696
2283.480765274635
2777.2063361448263
-925.7354453816088
1789.7551944044435
2900.637728862374
2653.7749434272782
2530.3435507097306
2777.2063361448263
2777.2063361448263
2653.7749434272782
3024.069121579922
7591.030652129191
1789.7551944044435
2900.637728862374
3024.069121579922
2900.637728862374
6850.442295823905
7097.305081259
3024.069121579922
2777.2063361448263
1913.1865871219911
2406.9121579921825
2900.637728862374
6973.873688541453
-2653.7749434272782
3394.3632997325653
2653.7749434272782
3764.6574778852087
5986.42254680107
7344.167866694096
6727.010903106357
3024.069121579922
2900.637728862374
2900.637728862374
-3270.9319070150173
3024.069121579922
2777.2063361448263
6356.716724953713
3024.069121579922
2900.637728862374
3147.5005142974696
6356.716724953713
2900.637728862374
6973.873688541453
2777.2063361448263
3394.3632997325653
3147.5005142974696
3024.069121579922
3024.069121579922
7467.599259411644
2900.637728862374
7837.8934375642875
7467.599259411644
7714.462044846739
2653.7749434272782
2777.2063361448263
7097.305081259
2283.480765274635
2530.3435507097306
1913.1865871219911
6356.716724953713
2653.7749434272782
-3024.069121579922
2530.3435507097306
-2653.7749434272782
1296.029623534252
6727.010903106357
5739.559761365974
3394.3632997325653
2406.9121579921825
2530.3435507097306
2900.637728862374
3270.9319070150173
2653.7749434272782
3024.069121579922
2900.637728862374
2653.7749434272782
3147.5005142974696
3270.9319070150173
2777.2063361448263
2160.049372557087
2900.637728862374
2406.9121579921825
2653.7749434272782
6356.716724953713
-1666.3238016868959
3024.069121579922
3024.069121579922
3024.069121579922
2530.3435507097306
2160.049372557087
2036.6179798395392
7714.462044846739
6850.442295823905
3024.069121579922
3024.069121579922
3147.5005142974696
2777.2063361448263
2653.7749434272782
7591.030652129191
2653.7749434272782
6480.1481176712605
3024.069121579922
2900.637728862374
5739.559761365974
2406.9121579921825
2530.3435507097306
3394.3632997325653
3394.3632997325653
2653.7749434272782
7714.462044846739
-2160.049372557087
1542.8924089693478
2900.637728862374
2900.637728862374
7467.599259411644
2283.480765274635
2653.7749434272782
3147.5005142974696
7220.736473976548
3024.069121579922
3024.069121579922
2160.049372557087
3147.5005142974696
2777.2063361448263
1542.8924089693478
7097.305081259
-3024.069121579922
2900.637728862374
3024.069121579922
1789.7551944044435
2406.9121579921825
6850.442295823905
3270.9319070150173
7097.305081259
-3024.069121579922
3024.069121579922
2530.3435507097306
3147.5005142974696
7591.030652129191
7097.305081259
3147.5005142974696
3270.9319070150173
2530.3435507097306
3147.5005142974696
2653.7749434272782
2777.2063361448263
2530.3435507097306
3270.9319070150173
2653.7749434272782
2900.637728862374
2653.7749434272782
3270.9319070150173
2406.9121579921825
3024.069121579922
3147.5005142974696
1913.1865871219911
7344.167866694096
6850.442295823905
1666.3238016868959
2900.637728862374
2530.3435507097306
3024.069121579922
3394.3632997325653
2777.2063361448263
7591.030652129191
2160.049372557087
-1666.3238016868959
6850.442295823905
3270.9319070150173
2777.2063361448263
2777.2063361448263
2653.7749434272782
2777.2063361448263
3024.069121579922
5986.42254680107
3024.069121579922
3024.069121579922
2777.2063361448263
3147.5005142974696
-1296.029623534252
2406.9121579921825
2653.7749434272782
2900.637728862374
2653.7749434272782
3641.2260851676606
7714.462044846739
-3517.7946924501134
3024.069121579922
3270.9319070150173
2653.7749434272782
2777.2063361448263
2777.2063361448263
3517.7946924501134
3024.069121579922
-2653.7749434272782
3270.9319070150173
7467.599259411644
2406.9121579921825
2653.7749434272782
3024.069121579922
3024.069121579922
7220.736473976548
2900.637728862374
2160.049372557087
2900.637728862374
1666.3238016868959
2653.7749434272782
-802.3040526640609
2406.9121579921825
2283.480765274635
7591.030652129191
1789.7551944044435
7097.305081259
3024.069121579922
2777.2063361448263
2530.3435507097306
-802.3040526640609
3147.5005142974696
2406.9121579921825
2653.7749434272782
2777.2063361448263
1913.1865871219911
2653.7749434272782
2900.637728862374
2777.2063361448263
6480.1481176712605
5986.42254680107
2777.2063361448263
2530.3435507097306
-432.00987451141737
2653.7749434272782
3024.069121579922
-185.14708907632175
-2653.7749434272782
-3270.9319070150173
-2530.3435507097306
2653.7749434272782
2530.3435507097306
7961.324830281835
3024.069121579922
3270.9319070150173
3024.069121579922
-1542.8924089693478
2900.637728862374
-3147.5005142974696
8208.18761571693
2777.2063361448263
2777.2063361448263
3394.3632997325653
-3147.5005142974696
-3024.069121579922
7344.167866694096
3270.9319070150173
2900.637728862374
1296.029623534252
7837.8934375642875
2900.637728862374
3270.9319070150173
2283.480765274635
-1296.029623534252
2900.637728862374
2653.7749434272782
2530.3435507097306
2777.2063361448263
2530.3435507097306
7467.599259411644
3147.5005142974696
3270.9319070150173
6480.1481176712605
3270.9319070150173
3024.069121579922
-3641.2260851676606
3147.5005142974696
2777.2063361448263
2530.3435507097306
2283.480765274635
2777.2063361448263
2530.3435507097306
3024.069121579922
2653.7749434272782
2406.9121579921825
2900.637728862374
3270.9319070150173
2777.2063361448263
6356.716724953713
6850.442295823905
2900.637728862374
8208.18761571693
2406.9121579921825
3147.5005142974696
3147.5005142974696
2530.3435507097306
2653.7749434272782
7961.324830281835
2900.637728862374
2530.3435507097306
2777.2063361448263
2406.9121579921825
2900.637728862374
2406.9121579921825
2777.2063361448263
-678.8726599465131
2900.637728862374
3270.9319070150173
8208.18761571693
6109.853939518617
3147.5005142974696
2900.637728862374
6480.1481176712605
6356.716724953713
6850.442295823905
2900.637728862374
3147.5005142974696
