8.134263616991659e-13
3.9998454063561895e-12
-4.17482952011287e-12
5.011927457957399e-12
-1.0067869586390061e-12
1.4506003089441356e-12
1.8703975646741925e-12
-1.9404935034744077e-12
9.26772735568021e-13
1.956044429769512e-12
9.022658736604816e-12
4.8678232017477886e-12
-3.1544953413309473e-12
7.223802410425443e-12
-6.846527798861393e-13
2.1377610062767133e-12
5.025146727900674e-12
-1.2368267048438834e-12
-1.6815850076620557e-12
-1.5721104609672666e-12
-7.37643552331381e-13
2.370278794594334e-12
4.280305393952246e-12
-5.042729108961487e-12
-4.149900923437349e-12
6.342795862950967e-14
-3.1403070031079e-12
-5.636065404522337e-12
2.6170800406370336e-12
6.212808575216306e-12
3.427790333180176e-12
3.3927627885457887e-12
-1.3441786128347965e-12
-1.5072595338431732e-12
1.9205640965788496e-12
-2.386573007919484e-12
2.5917111508540643e-12
-1.0291103534239277e-11
2.551062413253436e-12
2.7248644715832565e-12
-2.988408740239004e-12
-5.193407524174019e-12
5.798171587468903e-12
-2.528748518013481e-12
-2.5644740729475357e-12
2.484264034668479e-12
-6.2856743238359185e-12
-4.143499781566768e-12
-1.483659316433969e-12
6.4495899790833514e-12
6.757945333997988e-12
5.1963932960623186e-14
-3.659305490692848e-12
-4.051836638548532e-12
1.2533188399103026e-12
2.9861812147350864e-12
-2.4269173860947535e-12
-4.59008752615038e-12
3.734786735380997e-12
1.806737441323098e-12
7.887480222230633e-12
-2.0598171074693496e-12
-3.1104463171759137e-12
3.4456066483628096e-12
-5.543940335116919e-12
3.639188772417995e-12
9.430435987061788e-12
-7.903158436766513e-12
-7.626147893967264e-13
-4.775316285424751e-12
-5.156771234648204e-12
4.841525270988649e-12
1.6178530482474203e-12
-8.846584070434259e-12
-5.392838278006739e-12
-4.302639535213281e-12
3.2267831897389266e-12
-2.388652817591683e-12
3.1584678978835146e-12
3.0003330924681855e-12
-1.771880855039966e-12
-1.5369494371361236e-12
2.9756563967356426e-12
-6.189581692603953e-13
-4.073067703864381e-12
-4.961081670630815e-12
-8.498926264661392e-12
-2.8694254586886644e-12
2.949018913674634e-12
6.561786160054003e-13
-3.105768750663604e-12
-3.043683566507335e-12
-2.2556965653491604e-12
3.0313201359346885e-12
1.6124059665406176e-12
-8.824178348055665e-13
1.49043869495446e-12
-1.6902283700265023e-12
2.3586670761844806e-12
2.7929060337410314e-12
7.320237599164622e-12
1.2451018472648266e-12
2.6395946392097024e-13
-4.183466172369088e-12
6.120222560796437e-12
-2.1855992524859684e-12
5.215574587901087e-12
-1.334704520606843e-12
-3.051938086518782e-12
-4.035025105901019e-12
2.8705577819209674e-12
-3.1610524058549697e-12
8.599625412040836e-13
2.4514702383857965e-12
-4.602678821623082e-13
-2.337373007789458e-12
7.611868976491441e-13
4.523014577336041e-12
1.0300236383370799e-12
-2.3696625823191375e-13
8.982346322210672e-12
-3.0467571662667513e-12
5.398725890192997e-12
4.116323322897731e-12
-1.3984318949723203e-12
3.694996775476465e-12
-6.643818639596248e-13
9.604885053449184e-13
2.7387915977978853e-12
1.4607198883083412e-12
-5.2654310374977134e-12
-5.163332269359918e-12
2.9292558628357097e-12
3.700648455484847e-12
-2.9184444503451992e-12
-3.010869755684489e-12
-4.3578625207953105e-12
1.786772417127381e-13
1.8703984454235014e-12
-2.7862792059193513e-15
-2.0338410969338495e-12
-8.159961171369361e-13
8.514785849139384e-13
-2.317960949692677e-12
8.328239188290231e-12
-4.457231796413147e-13
-2.395820035467599e-12
4.5167379579210683e-13
2.0924118474478738e-12
-2.3007105277671418e-12
-6.108315238139685e-13
-1.188808457175996e-12
2.920440030930654e-14
9.202289951526657e-14
1.314295944460248e-12
-6.116614641515904e-13
5.621293958658801e-13
9.882601158842705e-13
-2.3853823521127766e-12
-1.2650711409890868e-12
1.0426364819527823e-12
-4.708046986219628e-13
-1.4868640826678087e-12
3.1199488175721632e-12
-7.107891742964587e-12
-3.948665237316092e-12
6.673793668161906e-13
2.6245801719248452e-12
8.875684316279415e-12
1.0617275871967094e-12
4.737139761930386e-12
2.6070571588149697e-12
-3.515950345638242e-12
1.9015022733781246e-12
5.6874668610642976e-12
-2.9836010191669733e-12
-2.1758866401697024e-12
1.9578877442159575e-12
-2.816176309410659e-12
-5.801903366047406e-12
-2.117336036354073e-12
-2.006956125366244e-12
9.903982188708666e-13
-3.1709788544662333e-12
-5.50238805478012e-12
2.6499734000813636e-12
2.8761945188634858e-12
1.0065704344350544e-12
-3.397618620046737e-12
1.3839318107583159e-12
4.133773509858612e-12
2.206061475271756e-12
4.896625202825759e-14
2.416804160730554e-12
-1.8656746161085664e-12
3.8802807066387215e-12
2.042535380703865e-12
7.149432044424235e-12
1.191530461142671e-12
2.239629367937309e-12
-6.478114175854969e-12
-2.2445391328317387e-12
-5.266413782947781e-13
3.34805200920786e-12
2.2505112306341846e-12
-1.2687621439101083e-12
-3.5258822154240414e-12
-2.062138363922102e-12
6.949744038741161e-12
2.851607772395414e-12
-7.311837317093861e-13
-9.495524852669512e-13
4.280096749362822e-12
2.5976068723398147e-12
-2.2113811847437685e-12
1.959808677771356e-12
1.682952122039842e-12
-5.125087649516974e-12
-2.4568057769046356e-13
-3.742055715058402e-12
1.7409233853806055e-12
4.573912503025536e-12
-9.467725316099593e-13
-1.0375052015561006e-12
-1.482730568137977e-12
8.527225418175757e-13
-3.5210362646963265e-12
-8.131745401694717e-13
3.1588456182225506e-13
8.107810659299081e-13
3.0943864880475395e-12
-7.123559462177684e-13
-7.969354772213026e-12
-3.180271160957982e-13
3.29014171826777e-12
-4.411097840120839e-12
3.439698594632349e-12
-5.387649055111266e-13
5.023072108930452e-12
-3.899646134522457e-12
-6.458127734902176e-12
2.8523433413482618e-12
-3.491199555873489e-12
-3.625837439946264e-12
1.2712615848551739e-12
-2.5270001516164617e-12
2.3104463087230905e-12
-8.500902231582331e-12
-2.4707772644994593e-12
6.164601879886732e-12
-1.507350777373506e-12
-3.189599040580551e-13
5.1676030006630685e-12
2.2916283516262705e-12
-3.662945498337851e-12
1.1131152619515319e-12
2.203943601175574e-12
5.402679434265183e-12
-7.46602035096376e-13
-3.0369406888581104e-12
4.664311101264973e-12
3.287821223607416e-12
-5.785373712524826e-13
9.518860187944464e-14
-5.095306380577503e-13
6.19987528646126e-12
7.929551804013398e-12
-2.490864919354956e-14
2.616904883596085e-12
2.936222017789737e-12
3.0063678374075733e-12
-1.3471623123014496e-12
-3.450776794506589e-12
4.6616250198427665e-12
-2.359402450369244e-13
6.328708514224959e-12
4.822156832667222e-13
-5.605811151158582e-13
2.7550240127705264e-12
-4.633983351201393e-12
-4.521780085078602e-12
2.6460337508334607e-12
8.050512429058306e-12
3.753337551130177e-12
2.1559304529052844e-12
4.415045481704362e-12
1.9757460862119955e-14
-1.2343546506683441e-11
-3.1876188037642245e-12
2.3319231607160463e-12
7.970318923414213e-13
1.1146976349696254e-12
4.532639941469154e-13
1.6949531000630027e-13
-5.6895923060090745e-12
-3.031556828695057e-12
2.333632466283362e-12
-1.5595632366332213e-12
-3.817166064073941e-12
4.407410612325367e-13
5.204989153563106e-12
-1.1074099428048763e-12
1.7065002199122301e-12
1.2715403997590005e-12
-2.2663137885411074e-12
-1.5399774309925976e-12
9.124633537077406e-13
-1.8134649593465588e-12
2.2020927477413114e-12
4.621552315038377e-12
-6.273531262473347e-12
7.714394773664748e-12
-4.4131298266143626e-13
6.28172209013709e-12
5.043471614084933e-12
-6.551756413563877e-13
3.530892253999279e-12
-5.249593058584182e-12
-3.8980205561429925e-12
4.705354110875997e-13
2.278134836233532e-12
-1.0268223852340421e-11
1.0279972400287502e-12
2.4515751234344233e-12
3.007165520728937e-12
1.4223126927290458e-12
-2.067467757346848e-12
-2.319810047988874e-12
1.2318378455543979e-12
5.135280064113928e-12
8.739180581457043e-13
-5.4857929414174865e-12
2.7754296060167347e-12
-2.6891718402472633e-12
5.7842190200468805e-12
-6.2397437670906436e-12
4.287686987662835e-13
-7.543096574513548e-13
-1.6153485362591135e-12
6.341771354505494e-13
-3.113665462718574e-13
-4.43112180400295e-12
-2.2618046387679474e-13
1.2293331942665769e-11
-4.096576957006511e-12
2.9697262789011776e-12
2.1073347108998546e-12
-7.826764120484794e-13
-1.0830489366963267e-12
-4.652389445514888e-12
-1.853885998321915e-12
9.405693785260663e-12
1.8863671956577733e-12
3.611322795442311e-13
-2.552567770365089e-12
-5.550028566081488e-12
-2.056302492997514e-12
-1.6687791113525086e-12
-2.8470708933188004e-12
3.5768499911126322e-12
-2.8602605598522967e-12
3.9088844316567125e-12
-6.037883493158176e-12
-5.68646166702068e-12
2.3447586469568064e-12
7.31876218327726e-12
5.796294117848568e-12
-3.727101359436841e-12
2.45813299543925e-12
4.2536137017635816e-12
5.576831428006354e-13
1.1516829671459963e-12
-4.0640559687987825e-12
5.971411192892678e-12
-7.270752786399232e-12
-6.7490824407900535e-12
-1.1723622409311451e-12
2.156715549137067e-12
4.280790858229644e-13
5.080641165618036e-12
-8.825657117446327e-12
6.6989918872149735e-12
-1.1250194663597474e-12
-2.622564312417781e-12
-1.914497403225195e-12
-2.3220166347068343e-12
-5.087746004597054e-12
-4.4918237349178884e-13
6.0003386550742275e-12
4.698944517562034e-14
3.8393511742549995e-12
-3.340730443980375e-12
-2.3625339857863684e-12
-2.0411997391091483e-12
1.930442226004526e-12
-9.768416691246456e-13
3.6921781700026387e-13
-1.3564489872183755e-12
5.215323421039248e-13
6.502660787306406e-12
-2.4446342611350432e-12
2.252435044884963e-12
4.7872225439444625e-12
3.5004555432285295e-12
5.276150017511245e-12
-9.745130317218518e-13
-9.127798939095027e-12
1.4490711151345054e-13
-5.616099750373387e-13
-6.230748996883732e-13
-2.2502301134316765e-15
4.610518719148002e-12
-2.8041933174092837e-12
-6.6381001965045596e-12
6.187723325794935e-14
-1.458966643132728e-12
-4.8274877054401035e-12
3.4095272915885457e-12
3.845594720155274e-12
-1.8104319805628655e-12
4.194124491119147e-12
2.2555236119350786e-12
-6.66939220010624e-13
-5.583482826609148e-12
5.3814239556086914e-12
-2.3882057227309433e-12
-3.112365397317459e-12
-8.688623059325472e-13
-4.547343879441302e-12
5.643663399455066e-12
-4.532567634895119e-13
9.050949155653216e-12
-6.94359903642851e-13
3.592349167507796e-12
2.378957088939235e-12
1.5260967823120616e-12
-2.439829242144343e-12
3.587528281465067e-12
-6.69903523773006e-13
6.666319985864046e-13
-2.3295525023730484e-13
1.6358435784820278e-12
6.363406019767395e-12
5.2343988958980515e-12
-3.375785222436089e-12
-1.014878841722876e-12
-4.290090668197555e-12
1.5489445677257623e-12
-4.515855852507972e-12
-2.2044624093818004e-12
-2.983861779054072e-12
2.1130526160030187e-12
2.816373506874081e-12
5.409807073478459e-12
-4.533053039899438e-12
-1.1593086296902024e-12
3.043719159281781e-12
-4.248284868923257e-13
-4.205227846556595e-12
8.818338163037528e-13
-5.579041304803841e-13
-2.5109578067101763e-12
6.789945155240597e-13
-1.0176309846697966e-12
1.6113476648527366e-12
-5.20190796979816e-12
1.502037691103696e-12
1.9831777383507104e-12
-9.53549620082355e-13
-1.9676164487704498e-12
3.5633924820215585e-13
3.2852344120532633e-12
5.852555861672706e-13
-3.2387135731314576e-12
-1.7139905590324453e-12
1.1395040277055049e-12
2.146153177276969e-12
7.884905262658565e-13
5.454924393817514e-12
-1.9310239729277064e-12
-4.977478001649704e-12
-7.650718564789482e-13
9.945776037945875e-13
-2.1897862200933104e-12
2.5081682222543084e-12
5.488746412276369e-12
-4.3795946592345153e-13
9.515248236068539e-13
1.590404639918404e-12
4.0429201107431095e-12
1.476972595241828e-12
2.5175990018992187e-12
3.5813608270198802e-12
1.4907331849636095e-12
2.9758759237352712e-12
-1.0287274569740764e-12
-3.55322407608096e-12
1.3545831781533257e-12
2.408762479979895e-12
3.2471567011075106e-12
-1.4735864378238216e-12
-9.8418613167291e-14
3.0289901214785347e-12
3.4108998318833793e-12
1.4800472614774294e-12
-3.534137759328411e-12
1.5434706357052691e-12
1.0755104665731955e-12
1.2228312061791404e-12
5.507911040736769e-13
1.966180177513511e-12
-2.1242659142428722e-12
2.5253041833050878e-12
-2.6680787848650483e-12
-1.1413752093343455e-12
6.257371177996501e-12
-3.742641753096033e-12
9.091621012061615e-13
2.0908309906382478e-12
-1.598998711482693e-12
2.131505336356681e-12
1.7253531769346078e-12
1.6799749802349791e-12
-4.03402360480332e-12
-9.846492212084362e-12
-8.129632687207077e-13
3.77390623640093e-12
-1.7905484977727574e-13
1.3625971358447486e-12
8.712136823746489e-13
5.291947264308405e-13
-3.792760143915652e-12
1.5651772868910128e-12
-3.5740847853264996e-13
3.712221186740124e-12
-2.734731868634371e-12
1.1452276899267807e-12
1.4608301020560132e-12
3.9934243807199947e-13
-2.2570747274957264e-12
-1.0094970618395124e-12
3.569314101322363e-12
-3.1226767657735353e-12
2.931768383945279e-12
-9.695649804446779e-13
-6.48858828865535e-13
2.100146011274762e-12
-2.4695631084969233e-12
-3.5723241408169036e-12
-4.135545164941259e-12
-4.060935736005373e-12
-2.7486724350989278e-12
-4.2032918716603635e-12
3.5295675272325537e-13
5.325462777670332e-12
-4.083028515751801e-12
-6.2873231895738005e-12
1.0481428080446647e-12
8.044006227813206e-12
2.640482321831192e-12
-3.506330060504365e-12
-2.318431251798083e-12
9.989880622946165e-13
-3.2978197032697892e-12
-3.3564624109250867e-12
4.064238626313925e-12
3.799181927649627e-12
3.329810972644607e-12
5.02996399856246e-12
-2.3533953529014065e-12
4.172563058192546e-12
-5.026615960764735e-12
3.878129646436541e-12
-5.61375143196746e-12
-3.3350940535689447e-12
2.485487542925389e-12
-4.56111469100488e-13
1.4337246645286656e-12
1.913572290036315e-12
-2.9182187423712244e-12
5.159281126888627e-14
7.210302032245129e-13
-1.7873782502480714e-12
3.717189203606508e-12
3.522295726823725e-13
7.759719617995184e-13
7.933362716491375e-12
-2.2150936414653254e-12
1.5247566026804096e-12
-2.7219292615707085e-12
8.93203118261026e-12
1.3578656604879662e-12
-2.6719173231768938e-12
7.255372602004264e-13
-3.0958048103743e-12
8.043232851118779e-12
9.319576871731038e-13
-3.1333838962624817e-12
-1.1828396500778392e-12
-1.06724425786873e-12
-5.006735001060824e-12
-8.256426114800504e-12
-1.9232683845173313e-12
-1.1408197408336524e-12
-1.5729263438175541e-12
-8.422217600805767e-13
3.756351518027931e-12
3.663483589703087e-12
-2.87322443079203e-12
-2.718430983458704e-12
-6.293906019118128e-13
-1.957142372783566e-12
4.707413413952865e-13
-1.4410886995127827e-12
1.2196064926445293e-12
-5.6522516976230315e-12
2.026884526212545e-12
-6.343308644005875e-12
3.6643559890326304e-12
1.1454614214286635e-12
-1.338683097263947e-13
-2.5707267144660936e-12
7.076466041379088e-13
3.5936716572919153e-13
-9.259775047712148e-12
-1.0867393905987584e-13
4.111428108620075e-12
-5.760964223970497e-12
1.3218162842073912e-12
-7.206641065088621e-12
-1.8418287956173723e-12
1.6693199872792811e-12
7.543645494862557e-12
4.4099428844707246e-12
-7.373789948264499e-12
1.4413309913910419e-12
-2.549586066980488e-12
-3.86807587921804e-12
4.987505737345412e-12
-5.121510911196123e-12
5.22552664303139e-14
-3.924468568199893e-12
2.4288659655030106e-12
4.4007229108829434e-12
4.691850105747188e-12
-2.3792598675699847e-12
-4.004336719891105e-12
2.1441112230715675e-12
-3.740534806466746e-12
1.415180315000587e-13
1.0860657766314535e-14
-1.0665035014613878e-12
4.313686742970323e-13
6.720506127449868e-12
5.727452450042164e-12
3.491118029830419e-12
-6.2202744912341335e-12
2.1794918995762714e-12
5.035754248494565e-13
-4.905156874216454e-12
2.1484451437419164e-13
-3.3812209861942354e-12
3.3518022151693285e-13
-4.916565648137683e-12
-4.118085501661531e-12
2.565364428038944e-12
-1.9712600676656733e-12
1.3681695789519757e-12
-4.2815565144594814e-13
-6.091523980765483e-12
-1.2695112199695084e-12
3.4567388018610285e-12
-1.0174833009446357e-12
-7.082459545281405e-12
-5.917040455563339e-12
-2.3389662706946146e-13
-2.5305470666942333e-12
-8.713111047433505e-12
2.2779330045692184e-12
-7.530962442694517e-12
-5.216346470325038e-13
2.6227870487839063e-12
-4.434362551132336e-12
-3.829812801475637e-12
4.4798587984609145e-12
1.1700454988107088e-12
8.103616972394903e-12
-3.131364194561649e-12
-6.356259541062773e-13
-5.28478829439521e-13
-1.2357592322648744e-12
6.084045592903699e-12
1.98638167523444e-12
2.2652097463228446e-12
-6.495679825312693e-12
1.4264027377346614e-12
1.807552850062985e-12
4.13458478809496e-12
5.446707391462299e-12
2.313211491903771e-12
-4.776830181981703e-12
1.4617719371380417e-12
1.9362931878797808e-12
-1.5965039218362962e-12
-1.274343581323041e-13
-2.0121710868059386e-12
2.305184429897818e-12
-1.019929485414026e-11
3.81379500173224e-12
2.1075839551113716e-12
-2.1966036968232854e-12
-1.7856928841851665e-12
2.219312890230376e-12
3.63363114852859e-12
1.2882219869729229e-12
1.3233540611982172e-12
-2.7795898739075265e-12
-5.034998747580224e-12
-2.8623136900441053e-12
3.045136838786643e-12
-6.250651433921001e-12
1.947286320006294e-12
-2.345983738665784e-12
8.243665665755332e-12
-4.594019319881266e-12
-4.492414932002624e-12
-2.226316552920843e-12
-5.934134102007828e-12
1.408669831208029e-12
1.593215563727091e-12
1.7224063441258387e-12
-1.225801638883271e-12
4.721345335630357e-12
5.503804703324097e-13
8.562257482985331e-12
-2.0599835095205551e-13
5.206155702914877e-12
6.2620382140413634e-12
-1.2043044651686117e-12
-1.9928894275490003e-12
3.211093810506278e-12
-1.7738231189539396e-12
-1.0571789139303314e-13
-6.843662449849068e-13
-1.7352213968385116e-12
-1.7746808834673067e-12
-2.0575784585046245e-12
1.0285959367246744e-12
-2.821923456737062e-12
-3.640077938935904e-12
-1.4708726449888428e-12
2.4005762229076597e-12
-3.613846045747314e-12
-2.941773800764498e-12
1.165113556053997e-12
-2.293915945400436e-12
-3.618243325123926e-13
-3.3472494606079003e-12
-8.060607330543806e-12
-8.993603663877912e-13
4.176398289316965e-12
5.673434526026313e-12
-7.978129195963705e-12
-4.4017935914810006e-12
1.842659722763833e-12
2.6664974108902243e-12
5.074267597848668e-12
6.755814651264434e-14
-1.9390630819132643e-12
3.689227452594275e-12
-2.43638325311046e-12
6.280715064393365e-12
4.343689593644066e-12
-2.8785791197353197e-12
5.670309384884345e-13
5.325800155691228e-12
-2.7069738354964134e-12
-3.826339322636647e-12
8.091464624066697e-13
-8.49121699945341e-14
5.605500136616457e-13
3.941482413701772e-12
-5.350965234143105e-12
5.422974063253856e-13
8.486790695857537e-13
2.4212726447199634e-13
5.258426958728205e-12
-1.6472581805270512e-12
-1.7945271270726265e-13
-7.936921923296913e-13
3.200498158302247e-12
-3.148885914884287e-12
-5.263497539121566e-12
1.3446814292978165e-12
1.3540090346968368e-12
-7.279444974368355e-12
-8.434881059048782e-13
1.0242864594287425e-11
-1.9555719384000676e-12
-5.874631025386532e-12
-2.3284858207491062e-12
1.1637003840164204e-11
-4.697040621265475e-12
-1.0097413785836846e-12
-3.926026344737266e-12
3.1974499333232083e-12
-5.005646334794932e-12
1.7877507819249166e-12
-1.075476848309747e-11
4.108551001031175e-12
4.2329599007240525e-12
2.3242516766056845e-12
-2.5856978327947224e-13
-7.648492663047654e-13
-4.200030799967845e-12
7.23164173091817e-13
2.245708685184648e-12
4.115938773090365e-12
-3.4226502598679576e-12
-2.0953783475899036e-12
4.11269269095863e-12
7.659757187312726e-12
-3.524137683918216e-12
-4.847109792936354e-12
9.400340161437564e-12
7.529529767020826e-12
-6.604569860902715e-12
-4.124474234707548e-12
1.1046976856228344e-12
8.004376238357864e-14
4.0789268806838566e-12
-8.276630758574405e-12
-2.5534693115100526e-12
5.267645948916694e-12
-5.189644587755243e-12
-5.543956866433044e-12
-6.180705101911761e-12
-3.5689116886838543e-12
2.0093360928246083e-13
2.275315953094698e-12
3.3904564978788355e-12
2.5758173047801543e-12
2.1523720987180825e-12
-3.6368305341339128e-12
1.510227095330835e-12
-4.007493451436246e-12
3.664434415600655e-12
3.2948833005231946e-12
-1.3071532381938378e-13
-9.316036292932718e-13
-8.030003921900973e-13
-6.906968563265322e-13
-1.5376876213125513e-12
4.36321508144511e-12
6.59925373605456e-13
-1.228406323812489e-12
3.170931594051043e-12
-6.682567706644634e-13
2.8595735887841044e-12
-3.1881412925372586e-12
-6.3534327295006625e-12
3.0277592842211736e-12
1.577296475155575e-13
-1.4945637344095347e-11
-2.7241489636854872e-12
-8.147322975906434e-12
4.808380107869301e-12
3.805509488673776e-12
-5.946727931014204e-12
1.850598119878021e-12
2.552530573756416e-12
-2.871757539190041e-12
-1.0356162143772182e-12
2.8678570842149744e-12
-4.084743645651404e-12
-2.0016104581488283e-12
5.534537413764573e-13
5.024129081034696e-13
1.1102852013857474e-12
-8.985787178723066e-13
-8.630888837458347e-13
-2.1105842929592294e-12
6.713038633707645e-12
-1.6072426155963344e-12
-9.056039452092889e-13
-4.8222152943747e-14
6.917396260859777e-12
7.002619844786737e-13
3.287165780956604e-12
-4.60465721730245e-12
-3.037018607738392e-12
-6.669952892160082e-12
-3.509822901073905e-15
7.872765737642191e-12
-1.4599389873196358e-12
1.1105624748718545e-12
1.5487368184489243e-12
-4.0277789163245526e-12
-8.053613784359156e-12
3.384940363991547e-12
-9.353540216542935e-13
2.7851357363181398e-12
-2.9400961231803325e-12
-2.3745875624531683e-12
-1.5890680504639785e-12
-1.7393328974071659e-12
-7.048178488028957e-12
1.1182854866328878e-12
-1.2352343125866631e-11
3.6717223809448624e-12
3.805019370281294e-12
-4.463839671524061e-12
-2.9691869694082127e-12
8.281018722552132e-12
-2.5561086872007874e-12
-9.932743523781858e-13
-6.722701986107709e-13
6.2596631687864234e-12
3.48526439366357e-12
-3.336723888609532e-12
1.6057734917339457e-12
1.506145191591328e-12
3.02072234800831e-12
-1.918312271573346e-12
-2.9854795714917255e-13
4.834504161105404e-12
1.796820658972693e-12
-1.780462021613351e-12
5.570307160848264e-12
5.510557831616606e-12
1.3542411268954407e-12
-1.819322606868448e-12
6.507462159260483e-12
1.1182624572996632e-12
-2.8328229139608192e-12
-2.3095463750858494e-12
-5.035649923847203e-12
-4.456259286137178e-12
-1.7756812528180118e-12
8.451747122153376e-13
1.4021119853813714e-12
-2.7667939226370217e-12
-3.0472492718524094e-13
-4.180723966172317e-12
1.9121670369741775e-12
1.7484276990895463e-12
-3.458031118150407e-12
7.045702690114638e-13
3.965833883306486e-12
-6.788318990275681e-13
1.1427276542641467e-12
-4.764890731755198e-13
2.110978987952238e-12
-2.2634902409999936e-12
-8.761956223597829e-13
5.5346392172768354e-12
-1.6123127867347875e-12
4.069765482030413e-12
-1.830129052019726e-12
-3.149781150169499e-12
1.798611990599234e-13
-1.2869462866979956e-12
3.616277847613858e-13
-2.763827352583394e-12
3.2456147526467985e-12
-4.2085399448746287e-13
-8.074893065276616e-15
-8.774154114075411e-13
8.094589287520455e-12
-3.917595858364954e-12
5.128660276739387e-13
1.539153792409622e-12
3.886270831129461e-13
1.3933609708486295e-12
5.1437864894631474e-12
-1.6201161658533956e-12
9.21683883078519e-13
-8.846230080516667e-13
2.9122286446446284e-12
1.9526759340112933e-12
4.940713917206e-13
2.7435590259320487e-12
-9.402883337327764e-14
-3.6180073578244956e-12
1.697769616835217e-12
1.7555868713128552e-13
-4.990154889066341e-13
5.923107222812525e-12
2.8576533207349654e-12
8.293985428676143e-14
4.9656174218537605e-12
2.1206350418103248e-12
6.279600031253452e-13
-9.180887708798369e-13
5.914259134132366e-12
-3.2169226824266044e-12
-4.085260743234747e-12
4.767863866865528e-13
2.4961145777296085e-12
-4.229871531135709e-12
1.6656392037670889e-12
-1.567360295753975e-12
-5.068713761762618e-12
2.183815151653525e-12
3.5822553896577995e-12
9.61217402124724e-13
2.1987870022590662e-12
3.1648042027989405e-12
-1.3154708453762328e-14
2.831624091037173e-12
3.369393792659978e-13
-7.188401075323149e-12
1.6057751061178525e-12
-2.319758451751061e-12
-1.6569016205724999e-12
3.9621663322467906e-12
-9.746954435699588e-14
1.2818143641527673e-12
4.468911609195237e-12
-2.1888916872621554e-12
4.969827438968055e-13
-1.9667918535741426e-12
-1.1142878615835716e-13
3.0465196266600655e-12
4.020647621670254e-12
-2.0329876669070495e-12
2.665113953105866e-13
-6.890094127940733e-13
-3.89942257662635e-12
-2.621085825183605e-15
-6.898900088012156e-13
2.7565380879498865e-12
-4.963075130732194e-12
-3.859750555837188e-12
3.540945787257999e-12
2.8308176056064554e-12
-1.2689928878101738e-12
1.5109109066915898e-12
5.7262498574144795e-12
1.6833218213488189e-13
2.1443532585918637e-12
1.0860547890648975e-14
-9.184979197795634e-13
2.46068670884012e-12
-7.788920023816142e-12
1.2369479875144205e-12
4.634480688423944e-12
2.5572483668102593e-12
8.297903879533656e-13
1.7172924356514545e-12
-4.776553524809844e-12
1.1525722721250804e-12
1.9887245955082977e-12
-1.4368969859792092e-12
-7.856257904083748e-13
-3.746791780382435e-12
-4.53519390089462e-12
2.6077546191499973e-12
3.660292832172308e-12
1.1879174156899245e-13
-1.0314905525005504e-12
-4.1481439339156874e-12
-2.39333489706432e-12
-2.886354919362121e-12
3.3174499995320542e-12
3.1004670049636535e-12
5.128816158554773e-13
-1.204076035211997e-12
-5.835646156477665e-12
1.598114593807279e-12
3.932137994181233e-12
4.925379420794414e-12
-2.8188125431832365e-12
3.7986165640034434e-12
-1.4194985097954438e-12
7.381104937885159e-12
1.961150845891878e-12
3.042797773189893e-13
3.930985524001738e-12
-2.537331481397831e-12
-3.461964764632313e-13
-4.2616723960786477e-13
7.716879176040882e-12
-2.044818991046463e-12
-2.0540564407948823e-12
3.147560939964414e-12
-9.590187093879609e-12
2.2931470806889283e-12
3.5508911903239287e-12
-5.990177253937096e-13
2.7822886068917638e-12
5.089494675978562e-12
1.6222462243329973e-12
1.580141858742925e-12
1.5657177076688779e-12
-7.69022941028958e-13
-1.4938092079122905e-12
1.7982464196931473e-12
-6.434016356993014e-14
1.3250449366616704e-12
5.68079659667505e-12
-4.4560229314884346e-13
-1.6587678254759105e-12
-1.9706252473846497e-12
1.5876042747764485e-13
-1.980554132450921e-12
4.850939748513535e-12
2.181340706039443e-12
1.2866771793528436e-12
-3.993618792310068e-12
5.281568806015198e-13
-7.91372792529944e-12
7.944082474431274e-13
-3.4203414035147203e-12
3.2199790259565253e-12
-1.8043252404206719e-12
5.060318158174667e-12
-9.672003799096317e-14
6.323032955924449e-12
5.727652502177528e-12
5.885249596987588e-12
1.7697644468759033e-12
-1.1131766850907428e-12
3.821161115898798e-12
-2.9563621396255764e-13
3.823860482047199e-12
1.4014451376175084e-12
7.416298342062535e-13
-4.289936695880374e-12
-1.3745558536940862e-12
-1.5759429840630013e-12
-3.290843889644344e-12
4.382177885233013e-12
6.973607637313277e-13
-1.4615466700618118e-12
6.364514679627477e-13
5.286921419656046e-12
2.9114781146300613e-12
-1.1493677002264435e-13
2.310800703369416e-12
-1.7656163538875615e-12
1.3307943906527593e-12
-1.7199974823762435e-12
8.154397918854831e-13
1.965556764925145e-12
7.853636944426942e-12
-3.686526208983716e-12
-2.3382734028906027e-12
-3.885406095209447e-12
-5.945773702380577e-12
-8.240203601485654e-13
5.375299211571375e-12
-9.227096389749104e-12
3.3312817862315074e-12
-3.179960231162941e-12
2.9312437506663845e-12
-5.085662862461319e-12
4.951505702907391e-12
2.4168661558782073e-12
1.6405378680382874e-12
-1.0658595850433613e-12
-9.200774610331123e-13
4.091462459371355e-15
-3.8671597163879865e-12
3.1441205510427234e-12
2.873749865577821e-12
-3.456605009198757e-12
-6.55599860271318e-12
1.261137165594227e-12
-4.431867859332893e-12
-1.8454421099327015e-12
9.629359478748155e-13
-4.887086414979958e-12
-1.5327303728675596e-12
1.3958968136755474e-12
7.516010985471257e-13
-3.656284139925551e-12
-1.7950043449713506e-12
-8.614807107936761e-15
2.7783304667553473e-12
-4.390086138400665e-12
-5.288986114497646e-12
2.7225745305751844e-12
5.9568443591617115e-12
5.154054483523808e-13
-6.42194251483495e-13
-1.0235021203966102e-11
-3.122418479071986e-12
-2.5295985356640868e-12
-2.7085063817116135e-12
-3.893796168064587e-12
-4.608246373858604e-12
1.7157388324214803e-12
5.562060939741146e-12
1.786845179500862e-12
2.099715278181696e-12
-4.4973354307640545e-13
3.3830511370862668e-12
2.6296980545201613e-12
-1.931323044124589e-12
-2.7134925375492926e-12
1.7541129563846305e-12
-7.538043320328615e-13
-5.74616793560674e-12
3.902086929521909e-12
6.442054385640163e-12
-3.778307699696456e-12
1.317516869285431e-12
-8.365681668078923e-13
2.3177668814855435e-12
-3.553170287437205e-12
-6.324318600660978e-13
-6.078236387925234e-12
4.436286474117532e-12
-4.545977745546352e-12
-1.890619564149714e-12
-3.813285567140105e-12
-4.227746843082558e-12
1.0541649929272142e-11
-9.21965512083697e-13
1.2824347459960542e-12
1.7575440013223038e-12
-3.7931543865340675e-12
4.180880765506248e-12
-5.1026020042128115e-12
2.2672637355871827e-12
-2.7223197329733764e-13
1.467730694033255e-12
-2.111936763491004e-12
6.129873596269708e-12
5.3916518564252084e-12
-5.475709785360652e-13
-2.4879566125684495e-12
-8.266220530181853e-13
2.998393729620533e-12
-6.5612509473873495e-12
-2.879669180186482e-12
1.3288197146667035e-12
1.5984346164123139e-13
-4.1380524558886245e-13
-5.102051216592246e-13
6.673952129490975e-12
2.1157420698656665e-12
1.8103620407588757e-12
1.7959325157220847e-13
-9.144220096045813e-12
-1.8713423185608793e-12
4.0054670806676515e-12
-4.362303582030687e-12
5.527743219034547e-12
1.1080695950401454e-12
-1.2018602664757265e-12
6.0557655957847284e-12
1.561778795255246e-12
-1.3859519611267473e-11
7.192196444568069e-12
2.4812354002657667e-12
-2.304496556469757e-12
-5.662228826563434e-12
9.498996272992624e-13
1.5370480460951631e-12
9.194532745364136e-12
-1.1152763679819915e-12
6.384655514110981e-13
-9.887966606818272e-13
2.6281458394146257e-12
1.2361357816516225e-12
-2.2923899450071553e-12
2.772829082703121e-12
5.269533440373219e-13
8.690840123971797e-13
5.8156776662463e-12
-8.345880979482587e-12
3.0992888421428112e-12
-4.708747539664041e-12
-4.08450036630999e-12
-9.776371209948497e-13
7.514198441498705e-13
1.24184974415873e-12
5.087720050626279e-12
-6.732633215372413e-12
4.2803350094547445e-13
1.8623234392706946e-13
-1.0935789635423034e-12
1.122288484748861e-12
5.182115165523875e-12
5.6045838545294804e-12
-7.364020969399715e-13
1.7311551218241918e-12
9.789576120113153e-13
-3.931508819034347e-12
3.8549079429956303e-13
-1.4236693828486957e-12
-2.10452742216387e-12
-1.0452510610071537e-12
-5.937841262183616e-13
5.399031271925057e-12
2.7688490418975627e-13
-3.2235710080496556e-12
-4.299703267899434e-12
-1.7085979605433623e-12
-5.32811372566444e-12
5.4131459179105176e-12
-3.46377203634828e-13
-8.053257102168966e-14
-3.668320216527514e-12
5.205412664385316e-12
-4.6589507021774125e-12
5.2412707771773506e-12
-5.5216381265362905e-12
2.5814978222026285e-12
6.58282718343489e-13
4.673221941695858e-12
-2.980403715172728e-12
5.982829239164923e-12
-2.177779887418872e-12
1.7189865384110701e-12
1.573807303128799e-12
6.033111255067746e-12
5.626012856175801e-12
-6.457212386778357e-14
3.757833746971178e-12
-2.819553661130489e-12
2.3977745645421765e-12
7.795218830699234e-13
2.1540713389420152e-12
-4.146325053535745e-12
-2.3912895871336193e-12
1.7607127680077935e-12
5.783877588929938e-12
-4.380867399703465e-13
-5.905767695145464e-12
-2.4364472865844494e-12
-2.4282868456226266e-12
2.789166985687217e-12
1.269051565570898e-12
4.530588975048342e-12
-2.2764167943926928e-12
-1.028365325110031e-12
3.702580945227102e-12
-5.48447260693656e-13
1.0019588218935854e-12
3.885543637120971e-12
1.285323107488029e-13
-6.280048398078573e-12
-3.763563698963166e-13
-3.5250563039922735e-12
-1.306822994588874e-12
-3.154007479748493e-12
3.015078426165854e-12
-1.8747217318106886e-12
-3.0771250206181333e-12
8.420423362849229e-12
1.3031663071226116e-12
-3.1427634046391267e-12
1.5889676106463616e-12
3.5924410333696333e-12
2.966330854254516e-12
-6.588602456092124e-13
-6.18067988905827e-13
1.037490956971633e-12
-2.6051178751473485e-12
-2.346781385867938e-12
1.0049158393970884e-12
1.0612529144838612e-12
6.834613924548036e-12
-5.922464452570015e-12
6.97980397184068e-13
-1.851324673962035e-12
2.834472737322104e-12
5.713001079657473e-14
3.876059420794677e-12
2.5522170237420103e-12
3.3519543959993666e-12
-2.8938082056830438e-12
-9.223978695533794e-12
5.87441749483695e-13
5.938964107910312e-12
-6.788258403726785e-12
-5.885182880973271e-12
4.030935976933334e-12
2.6942350922275125e-12
1.568046672716128e-12
3.0340036896802053e-12
-8.862745021203832e-12
-1.7566513451047485e-12
-4.672586765153152e-12
-7.534976543820088e-13
1.4737430773506507e-12
-3.827480474201413e-12
-3.092241752489524e-12
-2.466001858469517e-12
5.40587154074637e-12
-3.702075922493098e-12
-3.2784225827400602e-12
2.2150795066729985e-12
4.6909924942229e-13
-3.892422514174915e-12
6.026766365938605e-13
1.042053712343609e-12
2.1490893663535474e-12
-1.2551463804449857e-13
1.2533518923093355e-12
1.7765730258745764e-12
2.8265082910782416e-12
-5.328958946913417e-12
-1.9335950398418175e-12
-2.3209412753353542e-12
-2.5360246981500257e-12
7.321491472241363e-12
6.214149302673786e-12
1.084369399402467e-12
1.867633103524536e-12
-1.055117628947818e-12
-2.346196236555627e-12
4.2081796284442736e-12
-2.498703741540035e-12
4.288533073841763e-13
-7.180308747446933e-13
-1.7167698925832598e-13
1.4365004099232106e-12
-1.9755512358627352e-12
-3.902273883996881e-12
-1.9815429428620953e-13
3.4695286836449737e-12
2.4240998733682914e-12
9.10561883035757e-13
2.435398540636908e-12
1.1288328151764095e-12
6.109312415394993e-12
-6.587673518654071e-13
-1.9550376718727774e-12
-7.28259544139756e-12
1.2063067727741827e-12
-3.0866632259655746e-12
1.8508391837762867e-12
-3.198272597232605e-12
1.9057094169017815e-12
-6.450388375763428e-13
-3.554905622850454e-12
-2.278861714832612e-12
3.4329786076879525e-12
2.9167530212346082e-12
1.996050815856646e-12
-3.384078420929703e-12
3.2037189287104703e-12
2.557611313819084e-12
-6.133865520935119e-12
-8.497131612750464e-12
-3.077840164984402e-12
-4.031945929715886e-12
3.5916744048747538e-12
-6.086695886807688e-13
-2.4559770462322873e-12
1.4539088387576756e-12
1.5626867933592193e-13
-5.641075828318875e-13
-3.9683776501445926e-12
4.7231529858186e-12
-1.7463744477251872e-12
-1.1138680121806574e-12
-1.7647761602176e-12
5.166056075371962e-12
1.6331996250338727e-12
-5.485734880973671e-13
1.8403331419814597e-12
-2.4914718580498345e-12
-5.8852226159628815e-12
7.794612561506555e-13
-1.5976088273321017e-12
7.571330988339726e-12
-2.3155001722751936e-12
-4.626041318025701e-13
1.0917536017323993e-12
-8.182332132191025e-13
9.365726076664919e-13
3.0651790716105393e-12
3.899267337587981e-12
-1.997418450223565e-12
2.9898152404174102e-12
-1.5726770298811742e-12
-2.6921009545766336e-12
1.6943313797763538e-12
-3.494586130852551e-12
-6.2113183736207116e-12
-3.830880757148245e-12
-1.6884203263565315e-12
-2.9462267396753245e-12
-1.884887017818698e-12
-1.1812008091758618e-13
-3.01026987999595e-12
1.185795499461846e-11
1.4739154911456207e-13
6.444957685920542e-13
-1.8159759299182937e-12
5.767112311024677e-12
5.2438538649873134e-12
-6.490363617480003e-12
1.1121371699025905e-12
8.700183519588471e-13
3.6199127983205625e-12
-2.1373679375343873e-14
-1.7186358655988384e-12
-1.4004756495618524e-12
-3.851876054395596e-12
4.797565074891368e-12
-3.5480150544338965e-12
3.598488220870914e-12
1.5208714922470817e-12
-3.455489785496813e-12
5.641849291487988e-12
-4.640937777365384e-13
-4.929057652820011e-12
1.339287448140921e-12
3.5008385049758183e-12
-3.844944346391381e-12
-3.043740667943054e-13
-3.711505410640437e-12
8.128561025209631e-13
-2.419301190213306e-12
-1.0056972664698686e-12
1.3544389197713597e-12
2.422355220869742e-12
1.2047749154707193e-12
-1.9557450091045068e-12
-5.146896321542031e-13
2.1484503387562947e-12
-5.044447469796718e-13
-2.3866388809992754e-12
-1.4248817845730435e-12
-6.420674762147032e-12
1.963724592256601e-12
3.70027845349005e-12
4.776477515996676e-12
-7.19875318741955e-15
-3.4499927681312864e-12
1.988132193662907e-12
-1.2249113899849661e-12
1.9324691564858007e-13
-3.741139103132847e-12
-1.2061757907152244e-12
9.970609801002074e-13
-2.093366553456056e-12
-3.561103291397251e-12
-1.3565943556871184e-12
5.908747331542868e-13
-1.023742781008383e-12
5.985876631771639e-12
-3.433501618890478e-14
2.3726049944092283e-12
3.3966127869895383e-12
4.381546562164079e-12
-1.4488163575580248e-12
-4.418241892687158e-12
9.6593437304033e-13
-1.7771334371580865e-12
2.7389775001528477e-12
5.644965424395097e-12
3.198669280879034e-12
1.3248421105857177e-12
-3.4848213618744112e-12
-4.5908910948619356e-12
-4.59023882978533e-12
1.2517030044435031e-12
-9.170071821212037e-13
-1.7066651414562032e-12
3.76160755628843e-12
2.5134419582080177e-12
-7.320030591566126e-13
5.920902991652658e-12
-1.8213525603143166e-12
-1.61312263108871e-12
2.6081103384790176e-12
-1.5499661179606398e-12
3.800247142627941e-12
3.2843155833330576e-12
2.9315734085442407e-12
7.408475768747127e-13
7.459089042147768e-12
-2.0842159892988257e-12
-4.480982194065674e-12
-3.082188116543328e-12
3.262046134075925e-12
1.3088646315228428e-12
9.660887102840157e-13
6.154732590034724e-12
-2.0908504746030825e-12
1.152309916629934e-12
1.3781283336315157e-12
1.896961140735491e-12
4.1661881461082423e-13
-1.1914189346499419e-11
-3.994663264396121e-12
-3.545334460018941e-12
-3.76201922472658e-12
-8.125472221401647e-13
-1.454042658337761e-12
-6.686794274819019e-12
2.7485307489838876e-12
-3.4204301443055133e-12
-8.485509091659134e-13
2.2414092021697995e-12
-2.1793652596740464e-12
-2.9454531496716165e-12
3.357803971716424e-12
2.2376452436618314e-13
-3.3555157566813816e-12
4.663282620557975e-12
2.734138458407118e-12
3.489870958758547e-12
4.2726682478723485e-12
8.484761050587825e-13
-6.768907374861391e-13
9.451070815058677e-13
-4.284430845532821e-12
1.5033090665161964e-12
-9.481524577501335e-14
-4.596083416215198e-12
-1.4776233828190053e-13
4.295200500031138e-12
4.260485283910916e-12
-8.20524418662447e-12
-3.6074044033486548e-12
-5.000699769934975e-12
-2.935392149467194e-12
-5.68252812877891e-13
-7.087122579161873e-12
-2.382668619768281e-12
-3.955433824767297e-12
-5.17659692451067e-12
5.411750303256936e-12
-2.94621162550874e-12
-5.102513687806733e-13
-5.067882608083114e-12
-3.5742966668403196e-12
6.608371586239002e-12
3.3520780243901753e-12
-4.4316475917572985e-12
-5.854241178603073e-12
6.90520719409471e-13
-2.858803319590008e-12
-7.406176867667843e-12
-9.352529332477241e-13
7.35708030285185e-12
-2.4354433868885596e-13
-1.4289757295274095e-13
-9.529400207227435e-14
-7.641697096195325e-13
-5.1988350190148224e-12
1.137192532324354e-12
5.084092512694543e-12
2.1875173549623805e-12
2.6926567510558356e-12
-2.6108699099495858e-12
-2.0898293512889068e-12
1.116959490817518e-12
-1.765653677858743e-13
3.0102194635415155e-12
-2.104646153119626e-12
5.999008096543688e-13
-2.3598170274699902e-12
1.820487680567519e-14
2.694188752441212e-12
1.871483765241205e-12
3.720294864016625e-12
-8.221056132417177e-12
6.53760395340207e-12
-2.3966222188485038e-12
-5.712110895623952e-12
-1.184381921163184e-13
-1.7992640734689948e-12
-5.4685013585374005e-12
-1.1525435684159518e-12
-3.4256329825699255e-12
-2.836948646512534e-12
1.7989559267753577e-12
-1.887767046432944e-12
8.076707231788519e-12
-3.26744111739812e-13
-5.951289369409307e-12
3.691518096986316e-12
3.096804050290984e-12
4.029302855765518e-12
-3.9524784068338496e-12
-2.6203716640910794e-13
2.1009169547712365e-12
5.666901663680302e-12
7.367331271057044e-13
2.3838594040648774e-12
8.921767980743278e-12
-1.9650163904818205e-12
2.2362864610340517e-12
-1.1190998021177965e-12
-1.7717956849320022e-12
-3.243293627838752e-13
4.425266411627086e-12
-3.877898265793124e-12
1.10714806712725e-12
7.168434440031855e-14
3.8375861507831436e-12
-1.2871892971297785e-12
-4.67329007714398e-12
2.606696268471599e-12
1.1073761115763671e-11
-6.198525902216537e-13
-5.719500352657138e-12
3.015789938429312e-12
8.012212819434115e-12
2.968325063189353e-13
-1.8119226550499573e-13
3.0190867241792377e-12
-8.872780214085374e-14
-6.300927390121343e-12
6.3306713806436155e-12
-4.224633220331825e-12
7.04334654469057e-13
-7.78560757160295e-14
5.095459815783826e-13
1.7738513526287074e-12
4.5465814300990295e-12
-3.565897063824851e-13
3.3836203076560552e-12
-2.1559435540157808e-12
4.131474240454496e-12
4.7614117292276294e-12
-2.3802009331792997e-12
-2.2149631066035701e-13
-2.645418985173056e-12
-6.818656802661617e-12
-1.5435891576561208e-12
-5.712954193754812e-12
2.077254547939957e-12
-3.0347702382069256e-13
-2.914385052189103e-12
6.205081757469723e-12
2.471865353819209e-12
3.2719303428032467e-12
2.24175694630678e-12
-4.738718990100323e-12
-2.6805703100867195e-12
-5.445273745128953e-12
1.5686744676709483e-12
-1.1695232229613184e-12
4.810230775352529e-12
-1.9475991343371814e-12
-3.584198516791262e-12
3.6315045819750364e-12
6.08333366382074e-13
2.0571796491264272e-13
-6.2251085239391e-12
1.2268282317018275e-12
-5.145791817619857e-12
5.945802483911899e-12
-1.9027709093918976e-12
-2.436853825037689e-12
6.393205653467328e-14
-1.1090154542340698e-12
1.3932807590603176e-12
6.031914008827885e-12
3.30696654975852e-12
6.936566368069959e-12
1.1523195876359848e-12
-8.598239649668613e-13
8.464876081968638e-12
-1.369819229367449e-12
2.028782762591184e-12
-1.0183894218909951e-11
5.0031920180716715e-12
5.466550406461919e-12
-4.9779141462194305e-12
4.060457842359477e-12
-1.361385959493736e-15
2.954104790566218e-14
1.8303095307215673e-12
2.2618254980440306e-12
-2.1273861253207523e-12
-1.112272528399816e-12
-6.8058870738828475e-12
5.089205736290991e-12
1.8180579605746786e-12
4.010858119070289e-12
9.95922349238413e-13
-9.346734641439295e-13
-2.449910806926487e-13
1.7938610974662594e-12
-1.8339067840610273e-12
-4.589400396373256e-12
-2.9178681668198224e-12
-2.610928189456357e-12
5.742642162413268e-12
3.3351823289099576e-12
3.6825551305525254e-12
2.97326494595205e-12
2.3685550705720333e-12
-2.6060160705049002e-12
3.041638358013475e-12
1.3498990773786067e-13
-1.322602704847314e-12
3.5838323529078386e-12
-2.985819759701939e-14
-1.0015257910691954e-12
2.0763398445744888e-12
4.912729117690608e-12
-3.376537797566268e-13
4.958445363687628e-12
1.823657847319144e-12
-1.9777503940475252e-13
-9.333693743412057e-13
2.2351433893856435e-12
3.3383047042608443e-13
-4.546942044422172e-12
3.701922272537744e-12
-6.295067539089015e-12
2.003463847278674e-12
5.767982888759378e-12
4.206335835344069e-14
-3.31954458566657e-12
3.3076564469968308e-12
8.600982859506032e-13
7.440214278450562e-12
6.03082705490873e-13
-1.1329937251563815e-12
-6.347537475699189e-12
-2.509562183224728e-12
3.3788433346234747e-12
5.672163382875922e-13
-1.3269527964046982e-12
-1.4900689723859792e-12
-2.793193978409367e-12
-9.009166068860758e-13
-3.533731842017798e-12
-4.9812985154954065e-12
5.79168220991782e-13
1.1240515596509706e-12
-2.0347392017609273e-13
-4.416925639164025e-12
2.078206182763656e-12
-7.907973996067448e-13
-2.240591250143377e-12
1.609404176881476e-12
3.4458139660501043e-13
4.0985867326715056e-12
-4.425610989660099e-12
9.965574752229994e-13
1.8794770006491206e-12
-1.5296654232117303e-12
1.0746116370759844e-12
2.9311528132167206e-12
1.807481108348413e-12
2.6616478185728442e-12
-1.5018351623958486e-12
3.488398830363565e-12
-3.226453600969196e-12
6.915966206776314e-12
2.601674588239546e-12
1.0160129587216838e-12
2.9617951155621117e-12
5.2513637134855805e-12
1.6382935361871766e-12
-4.7648155103531114e-12
1.252926629667545e-12
1.76455507926782e-12
-9.912945213016992e-13
2.4941216841458077e-12
5.150046677180067e-12
-2.926001123021562e-12
4.870003809516835e-12
1.914808031236864e-12
3.2768378828587453e-12
2.4833028468617634e-12
1.3584073631470293e-12
-1.5567994121542454e-12
1.1263771033855501e-12
-2.701901725954921e-12
-1.6543225091564618e-12
2.0795678034403433e-12
-3.470323599811564e-12
-2.5119295545620957e-12
4.554683964351117e-13
1.5910371123559973e-12
-8.095754054304081e-13
1.5858206826306464e-12
-4.909582484137261e-12
3.2539448062385846e-12
4.857123097156597e-12
-7.465942232241375e-12
-1.513599411165986e-12
5.374412688850497e-13
-2.3601706430768755e-12
-1.508645058550624e-12
-4.952115585183258e-12
3.1803720486834416e-12
4.91076695605194e-12
2.8677516799931965e-12
3.1807477382100866e-12
4.195941451173478e-12
8.999242523194868e-13
2.5569920037339647e-12
-1.7028297079559455e-12
-4.216768677228335e-13
-7.044658880967195e-13
-4.762473940963178e-12
9.611437063040267e-12
3.4262739036448174e-12
2.176922885333941e-12
6.485039842430809e-12
7.77368105385337e-13
2.7320736370387286e-12
-3.872425058089877e-12
-4.598193632933858e-12
2.749108054011892e-12
-3.727255868944636e-12
2.031776137628204e-12
3.151328361006278e-12
8.00192504859119e-12
-2.728808598285e-12
-7.322504390472277e-13
3.4757556447828855e-12
9.566220961417635e-13
-1.7778352003236018e-12
1.5502787315315258e-13
5.739155918473686e-12
1.3944109356543699e-12
5.27691593248629e-12
-8.280296558167757e-12
-2.0890031993697213e-13
-9.298713656191851e-13
-2.5535699162496517e-12
2.3878455629228544e-13
2.4505547284283787e-12
-1.4234981432896593e-12
6.833284459040077e-13
1.0639828553902967e-12
1.4223845870668656e-12
-3.03125189003176e-12
1.6781351149404043e-12
-1.6148800415892935e-12
-3.3779409040837892e-12
-1.9542220105012704e-12
7.552968222005002e-13
-2.882043946702646e-13
-4.775531209840016e-12
3.774547900289385e-12
-2.4749959652159267e-12
2.973463075584105e-13
1.5866980438035129e-12
2.332768091841729e-12
7.584810908031227e-12
-4.590673199071559e-12
4.01108378796973e-12
3.2693655360816826e-12
-1.2601187244469942e-12
-3.279029426467238e-12
-2.8187738263961568e-12
-5.036178966489304e-14
2.473183080613768e-12
4.665198840049493e-12
3.1118926313436577e-12
-1.199320460350063e-12
-1.8663780629359206e-12
2.125749633846686e-12
-2.1033709230073335e-12
2.9292607093593757e-12
-2.1538432929449155e-12
1.5351860791426009e-12
6.674621420742574e-12
-5.88120959389532e-13
-1.291676256836067e-12
-2.4800993697524772e-12
7.34841895478371e-12
-4.454774797160272e-12
-9.029884970491744e-13
2.388866010476695e-12
-1.6781251233093023e-12
-2.5507689089033417e-13
2.03012810967578e-12
-3.727626101970907e-12
3.906373656705382e-12
3.5139318210512284e-12
-2.315990893059589e-12
-6.998841395484562e-13
-1.8197582264498437e-13
6.427242931283444e-13
9.025582085138811e-12
4.325260456819673e-12
1.7402172445563366e-12
-4.15478790828761e-12
1.6574566271897314e-12
-4.365363498099627e-12
5.198135074291442e-12
4.3835925035978905e-12
-3.0108238022287643e-12
-1.7988960983014845e-12
-1.9381921451941956e-12
-3.5598746770860067e-12
-5.206168052623157e-12
2.8542310426438334e-12
-2.6112491634253054e-12
-3.2545374797805596e-12
-1.284263347347547e-12
-2.6725448775406225e-13
3.7225181802099825e-12
-1.750905359889282e-12
-1.782662444163722e-12
-2.45867500191196e-13
2.5928612124311883e-12
-7.346817570383177e-13
-1.5926011573855487e-12
-4.1824197028485876e-12
6.796667736199621e-13
4.007221315580094e-12
2.909743634869696e-12
1.9573006001460035e-12
5.718023910284407e-12
1.050855754859772e-12
8.023830175117974e-13
5.757015632680292e-12
1.55129573827279e-12
-3.542345770235243e-12
-2.361391827284136e-12
4.012638954888307e-12
5.721465327296148e-12
1.358819697080355e-12
6.277619635452711e-12
-5.275333430502166e-13
-2.4355049776023486e-13
-3.6915439796755965e-12
-4.441053228531299e-12
-4.604739853518744e-12
-2.7621292558737546e-12
-2.076241239142498e-12
4.645204471687161e-12
7.959463453183712e-13
-7.2508210227954706e-12
-2.7722568502555042e-12
2.577740730490202e-13
-1.8057701020744114e-12
-3.964347908834224e-12
-2.3320300798177452e-12
-5.08553267405732e-12
1.48954407870968e-12
7.657361868505357e-12
5.493044158678701e-13
2.251402305750986e-12
-6.062267884432855e-12
3.3826895242365173e-12
-2.499512284466044e-13
-5.366193111441729e-12
-3.2470276646249507e-12
3.9098507839850756e-13
-4.582574481583541e-13
5.122809445019141e-12
2.745141029755878e-13
-2.8955418800550517e-12
2.645907288643764e-13
-2.619185709257912e-13
-4.63266404392874e-12
-9.726994908996659e-13
-3.0219360663860255e-12
-9.352740088786752e-13
-2.179918753342275e-12
1.0918746245864231e-12
8.187288038218287e-13
-5.143770824898858e-12
4.164104442937465e-12
1.6488407016308357e-12
5.236982280015277e-12
1.8296481853196458e-12
4.867095999704601e-12
3.3403523204551782e-12
-4.4644908616404516e-13
-2.6587573480988138e-12
3.9490659354985435e-12
-3.8603836716947416e-14
-1.9424413737556255e-12
2.291629880429113e-12
2.023240187141138e-14
1.6315249550378209e-12
2.395546809726248e-12
4.757986700086743e-12
4.516234850345819e-12
-2.361201376477086e-12
-5.560543941494689e-12
3.9466903826779e-12
2.1353653511392387e-12
2.724249594671538e-12
1.9590972792001263e-12
-2.4756279500856512e-12
2.4089981598985716e-12
2.4046423519614107e-12
-1.138170612204866e-12
-4.022943593311681e-12
2.6570054901920686e-12
-4.894670828254488e-12
9.724692234661577e-13
-3.0869027644078724e-12
-2.363276447141901e-12
6.185378160987112e-13
-4.528056795748995e-12
4.058271815076264e-12
-3.1602422653926288e-12
-2.881842396329824e-12
3.0590179664115716e-12
1.9593751868072796e-12
-1.965558529045424e-12
1.201060689302253e-12
4.2602479797271605e-12
7.944543469951385e-13
1.0771430855629655e-12
-5.729377935134212e-13
-6.173901018118433e-13
-2.369517536991983e-13
-3.756080314918511e-12
-9.787740092072226e-14
7.702795582766804e-13
-3.9762027263612266e-12
-1.4685788253342817e-12
-4.814653561815989e-12
4.870208837053236e-14
-1.2722611076939036e-12
-5.7412297525139756e-12
5.668522739389406e-13
9.11337853479997e-13
-1.923454895862726e-12
-1.3953995218727674e-12
-3.954534539419703e-12
-3.423334553513419e-12
-1.8711843974897894e-12
3.058056126432462e-12
7.40601832477249e-12
5.295156467950919e-12
2.787644035531337e-12
-2.2730519155691084e-12
-4.053682533666841e-12
-1.8770862021972246e-13
-1.5865505671848522e-12
-1.975840122163065e-12
6.818988367331087e-12
2.596205636593086e-12
6.960437179489582e-12
1.4625980668147065e-12
1.6571530933767544e-12
1.5341238691651545e-12
3.719645863869137e-12
2.314970039901537e-12
3.5602103397027432e-12
1.6258632800093155e-12
3.7144672304717065e-12
3.1424331505683944e-12
5.375132768573072e-13
8.545626490867744e-14
-5.141231359592509e-12
3.835245493722638e-12
-2.074944240772821e-12
-3.705083173928496e-12
-2.7960194204149517e-12
8.167936793900442e-13
2.8346768425452653e-12
-9.649310506454596e-13
2.7226766640162774e-12
1.0847738419610848e-12
-7.485290759003742e-12
-2.7637809952514723e-12
-3.1754566267776753e-12
-1.6499760082669728e-12
-3.6261323352142464e-13
-3.8154724744665225e-12
3.917314059838515e-12
-1.7998542454885594e-12
3.099504804881339e-12
-2.0011052889180114e-13
-2.461168806707325e-12
3.3750674167439117e-12
-2.2265042693540576e-12
-1.2539727002355882e-12
-1.3259561911534257e-13
-6.077874549092025e-13
8.319780031676693e-14
4.0755142890849406e-13
7.701602054712589e-12
6.5286164868562714e-12
2.935797977534109e-12
-2.127971359706156e-12
3.906595698679275e-12
-9.653611483747291e-12
2.8649928892662874e-12
1.5180453885859752e-12
-3.1887322759116395e-12
-7.932181122757498e-14
5.118342690740262e-12
3.9762465662286235e-13
1.1614640915210052e-12
6.979199111665088e-12
7.898457054183465e-13
-1.3065356033183902e-13
9.007902958938954e-12
-3.4087676737815134e-12
2.2757933363694527e-13
2.5173116492316415e-13
-8.495053684291922e-12
2.3488275970782842e-12
1.8776739872423085e-12
-2.7088073912403254e-13
5.668865843415042e-13
-1.7246579330489279e-12
-3.681170750819053e-12
2.8154548281572156e-12
4.138134272923703e-12
-2.9027823346871396e-12
-3.880350718114365e-12
-3.033740115822518e-12
-5.674968554494148e-12
-3.7089659887630833e-13
-9.696936215033195e-13
2.338091885470938e-12
3.954896634305848e-12
1.3237214751023814e-12
1.0960825150329463e-13
-1.588811520442666e-12
2.299437173358426e-12
5.166844351968037e-12
7.005259187887494e-12
1.5383783659593263e-12
1.5368861145360745e-12
-5.656117238298277e-12
7.81709343650233e-12
3.2337293603525844e-12
-2.7685945225575358e-12
-1.7527837530705315e-12
4.3727122601954174e-12
5.324486551664972e-12
-2.276432092660964e-12
4.024871450466239e-12
5.081817097380844e-13
3.5279885467367844e-12
-2.2291694808929752e-12
3.811241280939577e-12
-3.4148899363332363e-13
-2.478524522038197e-12
-5.307085257713733e-12
6.5244016259639175e-12
3.3310962265347266e-12
-5.264376785095548e-13
-6.22390122551719e-13
-6.653028135158925e-13
-6.357807774284534e-14
1.7731523679541025e-12
5.2020750094259706e-12
7.399347356676284e-12
-1.0433204537819143e-12
1.2863504865009246e-14
-2.9725511038310306e-12
5.553027423581267e-12
1.524155700045308e-12
-5.983833131667752e-13
4.008828294988405e-12
7.728775200361293e-12
2.83290100409194e-12
4.2225262136348163e-13
-7.984747015330495e-13
2.0998400976664675e-12
1.5230469173548707e-12
-2.7190895125554316e-12
-4.931567070233852e-12
4.119516870009542e-12
3.7853011960115644e-12
3.2253644558368304e-13
5.529997181044943e-12
-3.3504554745235755e-13
7.365952039316695e-12
1.5928219588587996e-12
2.8438209752473578e-12
-1.9539048624660904e-12
1.2384549417655861e-12
8.67246777262541e-12
2.6727381045832138e-12
-4.529210054839988e-12
-5.073994040662597e-13
-9.770453739103538e-13
8.444225114235387e-12
2.817894272583933e-12
6.862725079911344e-12
7.094398066190397e-13
1.3641408737073293e-12
-1.97718841731701e-12
1.432813798521793e-12
-2.1664220146685197e-12
-1.6998290732848302e-12
6.621724898993881e-13
-4.9182761085244675e-14
-2.1700238161723716e-12
1.6890634406549424e-12
3.6350305254871153e-12
6.527129542298425e-12
-3.1448299350965823e-12
8.335737750635136e-12
3.3306073141600205e-13
-2.3175641267730887e-12
3.161519868421934e-13
2.863453904135524e-13
-7.739477339815684e-12
3.022476449988711e-12
4.459230443656844e-12
1.1147459532215047e-12
-6.77031889366958e-12
6.160086017264094e-12
-1.9193481278957857e-12
2.8019290761402764e-12
-3.8777034358335436e-12
8.881182247857227e-13
-3.5029238827805654e-13
1.2309123320788646e-12
5.663694339310272e-12
2.5506892040776045e-12
-6.384097504503346e-13
3.9496631560472914e-12
-2.50481019143873e-12
-3.95791129757627e-12
-2.3768100205619065e-12
2.7657289552367698e-12
-3.5792368683835465e-12
6.770230460323005e-12
3.1243137061801525e-12
2.0577191730123168e-14
2.0132151886579917e-12
-5.990257875547859e-14
1.7699109570409747e-12
-4.7523821550850815e-12
-1.918455973158267e-12
-4.482715215080745e-12
3.14447109520465e-12
-4.366454155557048e-12
-2.215449552160706e-12
-7.627274622884683e-13
-3.3903555930708477e-12
-8.390987966736878e-13
1.870546497106885e-12
1.3607523611359957e-12
-2.467680656370914e-13
3.959894762770951e-12
-1.9930234215874093e-12
3.8931553511889926e-13
2.224543977606586e-12
5.686708445679615e-13
1.7256368842950686e-12
4.0504212854114675e-13
-4.744338718654108e-12
-6.1597607480822565e-12
2.8311581567383518e-12
-3.104004281744358e-12
-8.952435368563074e-12
-8.123647779597622e-13
-1.6438872192281492e-12
2.0624464746915248e-14
-3.081185987942803e-12
-1.1228006993166176e-12
-5.1590417528395576e-12
2.3445206729297226e-12
9.257667903278617e-13
-2.4912941078820055e-13
-5.057318267235356e-12
1.920011141599437e-12
7.305937600718705e-13
-4.684045166310182e-13
-3.2401543384303954e-12
8.495869379839964e-13
4.907183854481273e-12
1.3685201904365936e-12
-1.9914317607033596e-12
6.913754586746486e-12
5.059761818233236e-12
4.83985786697145e-12
5.858358895769498e-12
-4.01482591323389e-12
8.561906464499823e-12
-2.0897336007373114e-12
-1.8983548697828162e-12
4.36372053344528e-12
3.4182802265908395e-13
-7.532157598066406e-12
4.388317024294246e-12
-9.157112776371064e-13
-3.669331547979208e-12
-1.4131592244261644e-13
6.858998434393333e-12
-5.5528849778041384e-14
-8.667537301009105e-13
4.412214513823779e-12
-4.664316598730348e-12
-2.8794983964849403e-12
3.719593944781663e-13
2.945168885858615e-12
2.0328799760026828e-12
6.6268260922281225e-12
-1.1944145330999371e-13
3.4312245562290983e-12
5.44277477321082e-12
-9.413449946756237e-13
4.64821496350115e-13
2.2580277741516913e-12
4.105386628517022e-13
-1.249753124023683e-12
-5.255807999577013e-13
5.009558689979497e-12
5.362857335200756e-12
1.5266784033802064e-13
3.3737014239192854e-12
-2.6770975730291563e-12
-2.8912410633947868e-12
-8.400039173410927e-13
-3.877860484214423e-12
-3.794669483644457e-12
-4.807384535161032e-12
-4.905935222304295e-12
-1.3539920379072032e-12
-3.047120978659019e-12
-4.339749618369696e-12
-4.093692049286561e-12
-4.008583283131278e-12
-1.9500073857738806e-12
3.0246736902490087e-12
-4.931441904500668e-12
-3.0381680130159104e-13
1.3795688995612254e-12
3.862127724534959e-12
-6.495242951356059e-12
-2.3037983967210712e-12
-2.581314829572275e-12
-7.0310093875911365e-12
-6.283569724214618e-12
-1.9817286446738163e-12
1.9332857042265574e-12
-4.52229878389686e-12
4.62681808975697e-12
3.977288333253276e-12
1.6747385681149018e-12
8.672543880058838e-13
-2.127802264653489e-12
-1.5407392913630118e-12
3.7092063717981054e-13
2.6956394730359102e-12
6.1519221077370604e-12
3.793324295528205e-12
-7.016863385545157e-13
-4.0894563331559315e-12
-9.087550229149653e-12
-1.9877179453393523e-13
1.4418776482692257e-12
1.1793083552007293e-12
3.245752572565358e-12
-2.167751010958019e-12
-1.7693753478566432e-12
3.093720912809071e-12
7.357211451520937e-12
-3.2976772848019184e-12
2.8353960620496587e-12
-2.267607576911115e-12
-5.52825225637596e-13
-3.862635007384657e-12
-3.5966462983612727e-12
-4.9723638634606805e-12
-5.0841627594139034e-12
-2.528185529548261e-12
6.8666025974210315e-12
1.3181267010640924e-12
-4.40448630831414e-13
9.473830911267444e-12
-4.986677243467588e-12
-3.746102778164025e-12
-4.7564889857523446e-12
-1.2397180080401468e-12
9.370274249509365e-13
-4.455012173662543e-12
-3.203172761744491e-12
4.466549037818201e-12
-3.2945483771533218e-12
3.269096219785194e-13
-2.855695224024891e-12
-2.151409038656825e-12
-3.1149546458429324e-12
-1.2826151925219533e-12
-3.2561751590303453e-13
-1.4842972648720114e-12
-5.613940795264097e-12
2.854676917799029e-12
-3.228965446480998e-12
-5.899034531431457e-12
-2.794409055574789e-12
-9.43783450591045e-13
-1.1415759596322631e-12
2.7856275962935724e-12
-2.525600924716837e-12
-1.9786144863929625e-12
-4.387146998207703e-12
5.224376681976177e-12
-4.6655541632260655e-12
-1.937998408915346e-12
-3.966212635623281e-12
4.243449693249826e-12
8.603075388947131e-13
-3.506813001807809e-12
1.637727274714398e-12
-6.626749950145721e-13
5.2842712091093664e-12
5.268943078426915e-12
-5.601511118899557e-13
8.216902105078793e-13
6.288752585984454e-13
-3.763624332825404e-12
3.6552873930095807e-13
-3.9862019107625694e-13
5.064573088552261e-13
2.8959666791237453e-12
7.622548482504944e-14
-5.375869628467396e-12
-3.0971511686253943e-12
-1.919320170678449e-12
-5.393011893791467e-12
-4.968594926134915e-13
-5.516857430785424e-13
-1.7804580460668054e-12
1.4467712521539204e-12
3.6360076161020365e-12
2.2259054181287228e-13
3.182314996706333e-12
7.129175603933814e-12
-2.9067095807109042e-12
4.532521363071738e-12
1.6951427964398237e-12
-2.831851604419672e-12
-9.15813232947613e-13
2.235254092813051e-12
-2.089157600520701e-12
3.87971516851369e-12
2.8370725383348073e-14
-1.5758234798065963e-12
7.986351510131134e-12
1.969505941949692e-12
-2.108593321166706e-12
-3.1675697374437653e-12
1.1331803036865806e-13
-2.2965829732956222e-12
-1.5496677945951402e-12
-6.43403957971069e-13
4.278580648208708e-12
-3.026200146755863e-12
-1.6239716038772887e-12
-8.22325598224028e-12
-3.1041576896675826e-12
4.287850698975453e-12
-7.008808422532686e-13
4.958770001406072e-12
2.620913934220223e-12
-1.6017631555300486e-12
1.259885670014269e-12
5.893569119128427e-13
-1.7391853071981565e-12
5.564582992087934e-12
-3.764707848197902e-12
-2.374655912785992e-12
5.8391613410232776e-12
-5.385353238268858e-12
-7.577527177813075e-13
-5.24551360259565e-13
2.6321564693006407e-12
-1.3604598417546505e-12
6.383514894800587e-13
8.918189643613355e-12
1.7228110732168945e-12
1.4008990120405582e-12
2.272826750479706e-13
-1.3963570843682724e-12
1.3200083818735797e-12
5.1783333964005916e-12
-7.832403196570028e-12
1.9886587219167337e-12
-8.542300571246643e-13
5.112029971990121e-12
8.533154520541324e-13
2.6124965954075923e-12
-5.914186476850189e-13
-3.971299673622898e-12
4.249773723122117e-12
2.6293188816862763e-12
-6.522044936659788e-13
3.67098602411627e-12
1.053244045636363e-12
-2.238735907705729e-12
3.7663518574579746e-12
3.373378440060529e-12
-2.842883278237153e-12
-4.461864864444261e-12
8.216352616209371e-13
1.9045200923052894e-12
-2.5901168618456663e-12
-2.765680830650652e-12
9.408674604844048e-13
1.5295404070752831e-12
-3.6076987531267073e-12
3.2118682824628234e-12
4.6466318289994205e-12
-4.645954026956835e-12
4.358430613069572e-12
4.945237600744675e-13
-3.10956417717787e-12
-3.0491100854809044e-12
3.9263629478965745e-12
1.7828455324878373e-12
2.2460485030811735e-12
-2.567672801296858e-12
9.511732197704958e-13
-8.646755696029763e-12
-4.395360877986454e-12
-1.7814541699789287e-12
1.6516018021091122e-12
-1.0007075900766705e-12
1.05369151051714e-12
2.026730009553405e-12
3.3558146060827137e-13
-3.4148254014639595e-12
4.200705202862024e-12
-1.5742498783648875e-12
-6.2406369531242145e-12
5.197842726023217e-12
-8.445204653339086e-13
-9.12442075593066e-13
1.864198078809072e-12
2.9371739041590612e-12
6.97629215468885e-12
2.940019267282835e-12
3.175409505784398e-12
-5.826112777547203e-13
-4.5472163183846543e-13
-1.0697582116327472e-11
-3.3734526737370792e-12
-9.454418041182175e-13
-1.7714794839700103e-12
-3.35679243896016e-12
-1.456938753107468e-13
-2.894213689958525e-12
-1.7598383550077793e-12
2.8524976086432482e-12
1.314896302757983e-12
8.643959134068345e-14
-5.660872252187085e-12
-9.087262770732217e-13
-3.3097768334670994e-12
2.800109914489123e-12
2.8220943971540167e-12
3.775333055921197e-12
-4.071330594600114e-12
1.8700557407432126e-12
-2.3009149334219828e-12
-5.023554498489567e-12
1.2162238144620532e-12
3.629775713098543e-12
4.3843735985561416e-12
6.5185327246306995e-12
-4.713628047673609e-12
-1.251523281486171e-12
7.289730953574043e-12
1.6498794108808474e-12
-4.313100255537953e-13
7.302095753902862e-12
-1.5390696281792828e-12
2.52022034139757e-12
-1.141342922468507e-12
-1.883625233535669e-12
-8.939665800486057e-13
5.802339755129919e-12
-1.397789647672343e-12
4.033188853535924e-12
-1.8539884549173425e-12
2.1846908264377507e-12
-2.156554695791428e-12
-3.923779206718916e-12
-2.8405938575546917e-13
-3.5037770797213367e-12
1.4406984400562529e-12
1.0623220220944702e-12
-2.0298991040874024e-13
-4.71091215849179e-12
1.7489767130437347e-12
2.1132805609498877e-12
8.477932125326465e-13
-1.880300090924742e-12
2.2695022819060858e-12
8.975579797535098e-13
-5.627292251788729e-13
-7.263491475151755e-12
5.899233899779854e-12
-4.742261890237451e-13
2.5120493053152134e-12
-1.9107448346598967e-12
-3.4607356042967618e-12
5.915117353415478e-12
5.7794489579903565e-12
3.9308730306701547e-13
6.238715145492764e-12
2.5803307243683682e-12
1.015792019237545e-12
2.5491588870100907e-12
5.536427223398031e-12
6.584269438351663e-13
1.5063388341688575e-13
6.1165335406219986e-12
-2.487524590269757e-12
6.040540156450287e-13
-3.985274664635916e-13
3.234330171914059e-12
1.317447193947566e-13
-1.4124039136721052e-12
3.3998084488773327e-12
-2.0378284660155637e-13
-1.1413107358266772e-11
-8.908190207219307e-13
-3.0721043793889237e-12
3.3122907984338024e-13
5.58197489838415e-12
3.0906555097636016e-13
-4.921564868489483e-13
2.474159457645868e-12
-2.674238131258058e-13
1.0309598179323023e-12
1.781567168982195e-12
-7.731377937052752e-13
-7.458515345172547e-12
-2.5483500758739654e-12
6.1904732138653365e-12
1.905143495450391e-12
-3.0702906279657436e-12
8.774009689291919e-13
-2.1578128206168633e-12
6.610233393105141e-13
7.432402470753812e-13
6.46786878786889e-12
-5.8361975581393465e-12
3.3486981312394732e-12
-1.7552786711037354e-12
-1.6187643894532111e-13
6.4320141585677915e-12
-4.371274395986462e-13
1.4217362502973692e-12
-2.6503425967253334e-12
7.809067542550999e-13
-8.724343940083004e-13
4.027594008694452e-12
-1.4102125029377329e-12
-9.622013352770463e-13
-6.374518761386259e-12
1.958658480694842e-13
2.0970092259384563e-12
-2.6904566177833523e-12
-5.451640332587502e-13
9.471963264071658e-13
-1.619720585882172e-12
-8.440226057487517e-13
-4.094013766411885e-12
3.347524477660081e-12
-1.3306974217738356e-12
-8.604877269470689e-13
3.825256574166484e-13
3.2934214079653704e-12
2.256183492925681e-12
-1.6146336725266444e-12
6.1701773722991264e-12
-2.5584112122911002e-12
1.0681873084577854e-12
-1.3264629543177207e-12
-2.0099883246492005e-12
2.433997354403055e-12
-5.4613780995650335e-12
1.8750792846453635e-12
2.3390638778160558e-12
5.059876989573835e-12
-8.36337520176697e-13
6.770531904842507e-12
-1.2382848766587912e-12
-1.3012934152646515e-13
-2.500095983554832e-13
4.42635394561844e-12
8.521743212249286e-12
3.5128048555327895e-12
-4.0427334646561776e-12
8.246483842673923e-12
9.65618509288456e-13
3.5787803736110564e-12
-1.9158487953157904e-12
-2.1430411013475127e-12
-1.1831697369720753e-12
3.3785689644810128e-12
-2.531802781082471e-12
-1.2734540131515016e-12
2.2323925403262708e-12
6.4662427858737146e-12
-4.5275900450721784e-14
3.1808359364941153e-12
-8.964954440360584e-13
-7.036568835696285e-13
-4.241903084633309e-12
-7.107615523202082e-12
-2.3269132955204e-12
4.12773523391265e-12
-1.4581023814278834e-12
3.950206727441029e-12
-3.030317837394995e-12
-3.807835461936755e-12
-1.6439619948804885e-12
2.898289955693336e-12
2.9579101982611726e-12
5.972726769769891e-13
-8.442003507842445e-13
-2.1176304938096138e-12
4.759245941106875e-12
3.289027456486823e-13
7.372155484252553e-13
-6.426722277595742e-12
-2.0138704296214945e-12
-2.3793668141659094e-12
-2.806172832773443e-12
7.279027357852299e-13
-4.369432392382199e-12
-2.2049173475574168e-12
5.030708341835991e-12
1.20768256078022e-12
7.884935222677688e-12
-1.7870786608026065e-12
-6.073993714864073e-14
-4.116917194329383e-13
4.529540982291797e-12
5.680299540067945e-13
4.9256102138935915e-12
-1.9538921389453037e-12
-2.562299952579955e-12
2.323842562148791e-12
1.5028424571897177e-12
3.056102652001708e-12
-2.3160166199908597e-12
-1.991547493161648e-12
-4.003286608464009e-12
4.675116200888003e-13
-5.669131351014964e-12
-3.0924045164046385e-13
4.077918505270015e-12
2.313174715526323e-12
-5.8502462221852864e-12
4.5121371554233483e-13
2.3663230870093596e-12
3.954697730041212e-14
-1.321793753913715e-13
8.487781207350823e-13
-1.0803032190312798e-12
-1.8656793843031285e-12
-1.886596575308752e-12
5.417143535126143e-12
1.1021965855537724e-12
6.085465080790909e-12
-4.57934807864872e-12
-9.909348867282836e-13
-4.4632095497320796e-12
-1.6641626992617189e-12
4.0781683104612574e-13
-1.911472220856606e-12
-1.7594196725991654e-12
-3.748327238808408e-12
5.485816324279151e-12
1.2956249632501126e-12
-1.5913809772717098e-12
3.2777454845849344e-12
8.719300784191135e-13
1.7713171015099034e-12
-4.2270837270710174e-12
-1.819855612047625e-12
6.529548049679771e-12
3.964793802086283e-12
-1.9016122775485255e-13
-4.2370483037387443e-13
1.821589410291162e-12
-3.603292747317329e-12
2.4645559991128596e-12
1.8883288591952584e-12
1.2892476547451168e-12
8.820085285580521e-13
5.298285975154311e-13
-6.062580664458052e-12
-8.966625098696513e-12
2.7042541818061474e-12
5.102134244127006e-13
-5.990021751422865e-13
-7.389065926329527e-12
-1.5260963254888323e-12
1.0352185277137682e-12
5.8687282273112646e-12
7.009542127322391e-13
-1.6932356431939295e-12
3.891255405626918e-13
4.0126148352866304e-12
-3.2477726983728638e-12
-3.5946742128747654e-12
2.269548558356527e-12
-1.044467597209454e-13
-4.021595301371692e-12
1.6907901851149423e-12
-1.6134897364364528e-12
-6.757397637836013e-12
-1.3514510407132468e-12
-7.143751295310244e-13
-7.544089197872759e-13
1.151031490963522e-13
7.438753470835022e-13
5.696262630751168e-12
-4.654951698701189e-13
4.595879538499538e-12
-4.353480536611271e-12
-1.3945634523236013e-12
1.881818467723871e-12
2.1273541866759587e-12
6.373310983654597e-12
8.147070433668756e-13
1.6634221298340845e-12
-2.5900422204695288e-12
-3.555108405421625e-12
9.545910763341227e-13
-6.053636746981882e-13
-2.8292592123911752e-12
-2.564473047929371e-13
-5.667281151294488e-12
-2.369368262099491e-12
-5.350434883040733e-12
3.29193685962131e-12
7.607443947415421e-13
4.983822070669355e-12
-2.8465261423923246e-13
-2.0057046604678843e-12
5.4027802990780036e-14
6.548325769265829e-12
-1.4528104222627782e-12
-5.68674860945613e-13
-6.697065909113477e-12
-8.814652243249004e-13
4.98137046175456e-12
3.4392517680663735e-12
-1.0161680889720405e-11
1.4845878199312824e-12
3.437260284670578e-12
-3.877464751791936e-12
2.4127176579602843e-12
4.2824628763791015e-13
-2.8301653846518382e-12
-5.671505602689943e-12
-7.252332217224904e-13
-6.628629393721038e-14
9.552133810591217e-13
3.976004091748449e-12
2.836098282923471e-12
-2.477596913609292e-12
-1.663865123050948e-12
3.8051567243690616e-12
-2.747071379209752e-12
-2.015944188978055e-13
1.2800593409987001e-14
-5.7998826631358434e-12
4.0614093314883774e-12
5.4623457197060336e-12
-5.2293494252572994e-12
-3.760341909054482e-12
-3.65343004457162e-12
-1.861632632089211e-12
-3.0646392308420177e-12
4.306839380489654e-12
-4.938320309921487e-12
5.290401893539622e-12
-1.345375084360669e-12
6.593794049048913e-12
-1.7772320681974745e-12
-4.650651731098212e-12
1.5085948273079434e-13
-4.2563109097999114e-12
2.060355801715624e-12
-2.4491490264063736e-12
-4.382167659750258e-12
-8.457096625428141e-12
-2.090390319614836e-12
2.708386184614631e-12
-6.41924197835973e-13
6.968472091379659e-12
-3.0299446463097257e-12
-2.5397005509581677e-12
-2.8309314375628646e-13
-3.836681190909726e-12
-6.868180190127592e-12
2.0423089309541844e-12
-5.9616555761599695e-12
-8.700749464794185e-13
4.5028838458733176e-12
3.4400280050905154e-12
-3.1839281273419396e-12
-4.496072856570512e-12
6.321725521773303e-12
-4.4049674680616426e-13
