0.018962859211815813
0.00631425956218742
-0.0028386552128150163
0.005991942993665318
0.00411915898992998
-0.004435843342909697
1.1192201459239545e-05
-0.0013310329028866986
-0.003849096080885557
0.000869854598040604
0.004397404645585942
0.005511982493385559
-0.0036928426089447943
0.0013641227167828051
0.006270476853739367
0.007399449840456193
-0.0062584980160535165
-0.0014139821832658648
0.005803442475033201
-0.0002941851429305617
-0.003445231437298338
-0.0007050826593709023
0.0005317087712137159
-0.001649518337295645
0.00311023628649193
-0.0002464664683830775
0.0018192517228318844
-0.002642550396773534
-0.0022178736741667883
0.011732763363741539
0.012743776559144347
0.002766169241458565
0.0005577951454948724
0.002774841802356703
-0.006173632565675032
-0.0013217677067404554
-0.002649929554291974
-0.0016563970623129092
0.0018537902941807517
0.001442398302701913
-0.001831216007712902
0.005417128008910145
0.0004630661780642429
0.007493381815969262
0.0015750613402935152
0.00455586425834938
0.0016619724707917175
-0.00020989033052901576
0.0022732003464715944
0.002265189106641698
0.005532937621492867
-0.0007354118005882537
-0.0015711378835147043
-0.002926634418910262
0.008238674715057097
-0.008743588869210842
0.002332868869030603
-0.007557907352134568
0.004604094696862451
-0.00029242059252432436
-0.007232723048526885
-0.002891550468633903
-0.002019979903046373
-0.0017989784252380472
-0.00039243522479844815
-0.00018666856696409456
0.00021939671968048316
0.00042330256631203586
-0.0021770937590362078
0.004723925371509148
-0.0016207084753256792
-0.0062052756913568066
0.0077312437044195605
0.004226199832927898
-0.0012328198480045423
0.0010292052733449878
0.0023907841763280493
0.0007133924694031161
0.0004447873585119503
-0.0025912253464107074
-0.01036957520616903
0.002441597802965862
-0.008072487082769546
0.0029100685804114164
-0.00415828403588429
-0.015826879132904217
-0.0023465517836293182
-0.0008050338026665318
0.00041970559788811557
0.002666650946803505
0.008969931450130555
-0.007392297644343011
0.004557960826466648
7.435824597167014e-06
-0.00241180322443085
0.0031150914931470726
-0.002262723166927003
-0.006980752256280559
-0.008290359438607835
-0.0061860011659216054
0.0007774979622428618
-0.0002181810971575891
0.0025497004178366323
-0.006078666734054969
0.0037866521109524228
0.001580305598681672
0.0015353180642349005
-0.0019637596207526947
-0.0025661873546196008
0.0027130898032249142
-0.0036591433085811495
0.0028630783232697927
-0.0011369244756808188
-0.005779848942667729
0.001967403795287122
0.004309005616048137
0.0014191421556060601
0.0008842065833678149
-0.0022917427667381806
0.004511141705042279
0.0019871264240303383
0.0011630041055377763
0.005589534194390081
0.001671874001745428
-0.004151968192054419
0.0020216259431636483
-0.010464475240611245
0.007325916297853056
-0.0009658333970295311
-0.003597017327828936
-0.0005037459990350075
7.435523695584289e-05
-0.0002873299962310208
0.004100617339884897
0.006793432890871192
-0.0017549959472606574
-0.00949511199064729
0.0015904859842718762
0.004744654282718456
-0.003807369996202665
0.0022597534608989776
0.005135747242702516
0.005393822607553002
0.0003539440105866838
-0.0023626816141974574
0.0012815562265852123
0.0009636357649998788
-0.00921879080186493
0.0043363932571935816
0.019836631728203373
-0.002885188708730005
0.0025825228477905776
-0.00019669203110651178
-0.0032782003965409396
0.005366224839612658
-0.0033863871935638557
-0.00231989726630267
-0.005395335301573139
-0.0052669643320232785
-0.0024069034674124436
-0.005274277030253554
0.0017931696888746063
0.0027825768034987265
-0.006931126968088128
-0.0006254120422881879
0.0013561222394655947
-0.0023312476541115963
-0.002491126307526477
0.004419236328394929
-0.006698749776381006
-0.011569051158758782
0.0043254550546238
-0.0028114627831035055
-0.00272103037974016
0.004003124833904322
0.000715474540224013
0.006296238897622401
-0.0012975758801055197
0.001968604356235218
0.001294218545387983
0.0016494297958120168
0.001973741177659941
-0.004063847389865861
-0.007873712772700244
0.000871942966176016
-0.006615171604332201
-0.0052547967943556845
-0.00031279571496702465
-0.008223665998534201
0.004335864189336647
-0.006700936176841457
-0.0004820124568821836
0.0022047923916392828
0.002007287752202601
0.008877024279272533
-0.003587649114993531
0.004763570817569705
-0.0020881465343028324
0.0009652445406297797
-0.0021304752950113406
0.0014855950596402926
0.0050316259635979615
-0.0022555675380537916
0.003741612850869379
0.002994283182082303
-0.0009301635023761442
0.0042084979760085945
-0.005248852962102165
0.0007567924439102091
0.011140831306086904
0.0025926680948405844
-0.004972173674648811
0.004483554462049567
0.003369310249921827
0.0013116576735202046
-0.007685727415606796
0.0025364399808693178
-0.002153164617262668
0.0011288133917323135
0.00045714082103415015
-0.002646743480976884
-0.004094532957219475
-0.00340552628277659
0.002204714233083681
0.002368159240229045
-0.001583427453815333
0.0020945920839973015
7.70498815199572e-05
-0.010566712488222317
-0.0014169009366969383
-0.00022980835992800178
0.003151155693120397
-0.0030944465203524285
0.0036071587212852104
-0.00030647903378678437
0.003440189205047697
0.0067982223334915265
0.001730079425270366
-0.0008227549800091405
0.0038746660723711582
0.004853075119637171
7.966307298414695e-05
-0.010538394365826353
-0.00036990998938547754
0.0010466658683786203
-0.004251569343563634
0.0018165101271354262
-3.294998785120546e-05
0.004642376543054049
0.008808024899142742
-0.0031451664662472795
-1.0671659129049704e-05
0.004290792645041831
0.0035932963984693614
0.005764017579693183
-0.0032228845427410783
0.007097686984202005
-0.0011709354786878221
0.006174425378806242
0.004770745081052319
0.0008600074376598607
-0.005092129793710239
0.00860801278242704
-0.001250323249018899
0.01871846940438023
-0.00226192078265015
-0.008502241770933361
-0.002887257289429984
0.0016437602931657096
-0.0021110752453715577
0.003132699844671076
-0.015951871551857053
-0.0032946843732059067
-0.006146346346056579
0.007357293837133166
0.0012761176494022679
0.005713323688815643
4.212717653177234e-05
-0.008280002903032484
0.0019206868368992897
0.0004483510387279362
-0.003707476953282837
0.0019117331602596759
-0.003465632023538586
-0.0007393717097324153
0.00684697542837799
0.0019122287424117158
0.0024551311776503625
-0.005365732938757096
-0.011054270723518245
-0.008898338145182056
-0.005040120493470775
0.005138550059140451
0.0003044402373867718
0.002334948316543307
0.0017688346591880207
0.0006503349417928627
0.004880570085960142
0.0028591053913029087
-0.0049398027635696425
0.0016223687034265868
0.003798652960146977
0.0015041860956747357
0.0015294455404571252
0.004013247661976802
-0.007584176730670168
0.0069707699954396005
-0.003202332466994731
0.0001618226448885699
-0.0008366797314179792
0.003076808906458572
-0.00011254612889702118
0.0009796334135263294
0.00039867103464916566
0.0023248104080455926
0.013037099975573802
0.000506277173010472
0.004008232078327453
0.0009764669829104558
-0.011591594471108213
0.0004463169549508745
-0.003309650787128015
0.002844001056312325
-0.003118250717605779
0.0013628755349769084
0.004365091769160411
0.002273609776584133
0.006022573244322091
-0.008054531524263466
-0.004992425728025181
0.008980477188797823
0.002139377741707571
0.023606184771752352
0.006835061136798103
0.007836565212654288
-0.00039394627632419974
0.001930029515348321
0.0009940987792022545
0.00021665500085421284
-0.006427663541947882
-0.007591732190465722
-0.0006251284564015345
0.007364204752535791
-0.000595883670701777
-0.008477619475250844
4.176304622256039e-05
0.0021906470293746438
-0.002273350042216474
-0.0014679801657920854
0.0006644261190783231
0.004599486754980025
9.30609152407803e-05
-0.00031398254836321327
-0.003933299695579016
0.0032357921087684633
-0.006553210998674633
0.004670748655144551
-0.0036463380271503317
-0.005872811036623246
-0.0011054933103724625
0.00041733938954820817
-0.004376884223651142
-0.005558728255194548
-0.003108275925992887
-0.005970293803251914
-0.008995725796572393
0.0031101895568397225
-0.004829630304462884
0.0005925856955584688
0.0006565214198203671
0.0018833561863224695
0.0005198195146270502
-4.538408437555062e-05
0.0021483534661663603
-0.00067031499658314
-0.004647595501065573
-0.0020208770447448098
-0.0014141177113174083
0.006062409464732151
-0.002091213653545146
0.004394403098721642
0.007856309210239486
-0.00708410951790699
-0.01170547950184417
0.0018722187548501606
-0.0012985948343322974
-0.0035967931649169595
0.000158517647111726
-0.011985449629010995
-0.0005120194379180341
-0.007859154133201752
0.018875376197731317
-0.0020876197810320335
-0.002464309663095839
0.0025376799761552965
-0.002700215105941162
0.005446274432094511
0.006203721598761875
0.0046787311140050105
0.0035704974633319207
-0.0001792302132243676
0.002933384953617142
0.0005793851808784899
0.002539062661474586
0.003163976936082596
-0.0061243201395095054
0.0017177147676495932
-0.0024160485405929524
-0.005940625213055433
0.0014379652511737513
0.0010842970158269414
-0.0012828282387425927
-0.0009482270740993006
0.0011336613925575527
0.001812348983075676
0.002089938979134923
-0.004608690887540031
0.0027660778030435067
-0.003612427840191623
-0.0001537062097938445
-0.0007914668420365494
0.0029809492928513197
0.007525830976168565
-0.0047651558913299795
-0.0030254642591653015
-0.011327508586854598
-0.0015100404730951655
-0.005468147377726876
0.0011876975348573157
-9.187198977784992e-05
0.0010535283198259786
-0.0026949331001302644
-0.003962544536420328
-0.0026253168864779097
-0.0008199371992088192
0.0006903387147441206
-0.0010747002044661977
0.0004284381006374585
0.0033048894186102815
-0.0016161279820205365
0.016295845220235708
0.0004256330179033523
-0.005473191299530916
0.0018532542518742631
0.0004767718347291618
0.002718207887408031
-0.0010618194384331273
0.0069715840163309915
0.004099135408133104
-0.0016140039235386008
0.0027141716766529464
0.00535140001204478
-0.004845472877901948
-0.0017999468440786993
-4.413586152740532e-05
-0.0008162102662428829
0.0028703493924644766
0.0025352179336688273
0.003743622830997994
-0.006618359727160366
-0.0014068623234241714
0.006311975696018218
0.0039803910164267495
0.00031429552321078684
-0.0010777725315887143
-0.0027189758109380166
-0.0012867714061844439
-0.0006326329955051889
0.000893166922010599
0.00421553752146804
0.0046144478023748305
-0.0008806708115319498
0.0016736211290765922
-0.0010785733412749614
-0.0076039002897692635
0.0021325912236247655
0.004218316752854234
-0.005848426031881255
0.0004942007666869056
-0.001995234880250395
0.0009338816237775565
0.002257607195825247
-0.002520922194503189
-0.0033035366073684356
0.0008868128838765253
-0.0001571135252838762
-0.001231795916663871
0.002638680958259364
-0.0048681627023481324
-0.009669029138870482
0.0003248772398091902
0.0015287141656144315
-0.004437122996209435
0.001964379137915485
-0.012327190073556097
0.005574419039722997
0.006106298553135901
-0.003925670607960708
0.00794075476828632
0.0008757889698514098
-0.001629987813351796
0.0032507232683521106
-0.0021086075837498906
0.006893132441756602
-0.0049280346002165696
-0.0037735444442486845
-0.005945602064969254
0.0016773718417510907
4.206012497217278e-05
0.0035901440738387354
0.002001730175063698
0.0006459004242058798
0.0022204123068817897
-0.000479592577692415
0.004838877435711087
0.0016437734348045741
-9.952618142388867e-05
0.003994218420070259
0.0017542750739774986
0.004056917843184765
0.0009768863073632188
0.002093061605961734
-0.004840795079234778
0.0014860465045286348
0.005639469249177188
0.0037780462507078427
0.0014170176593432142
0.003600882043420266
0.0038199417740413743
0.006595467032793946
0.00035603196589215855
0.0023816573956655742
0.0019034511893106306
0.002202974136404721
-0.005010935104734714
-0.0025724044161041623
-0.006159670135800871
-0.012839977520256453
-0.0013650626128926772
0.004480257403628488
0.005478168948540614
-0.0019056192174572945
-0.008685971873837682
-0.0007125073862273525
-0.0025891049764012347
-0.005515950943638458
-0.0020314639884258406
0.0003182783655881665
0.0056395625871588605
-0.00027294232910870673
-0.0018442203314915342
0.012317154300987745
0.0035694593177305702
-0.00024206959261254663
-0.002491470130076291
-0.0018674232186185566
-0.0019397459021558248
-0.007570910506034784
0.013799947952079014
-0.0007834183404281638
0.0053213660595462205
-0.0006377287230473084
-0.006946422286707919
0.0043348302744851686
0.002651428165008107
0.007067269968388375
0.0004967486739975291
0.006159904065297468
-0.0020928433149640054
-0.0063810214734873385
-0.003577926063003469
-0.0014876515679811313
-0.0020429557061088332
-0.0010152545626229102
0.00021626157679271988
-0.003788983716869478
0.0024227241610659733
0.008318868614501587
0.006356103282825794
-0.0044709165565718955
0.0016744726723096454
0.0012159504175843845
-0.012406714028865411
-0.00292903223711582
0.001666483847704976
0.0005435117295765887
-0.001100201778547363
-0.0007679852094064383
0.0022949164421795765
-0.0024052500350179233
-0.008142229296671457
0.019089484290678044
0.0030460972821845216
-0.00784546583696065
0.002954550531911564
0.0009028837032355121
0.0032973431697985284
0.0024810874080173117
-0.00188231110073227
0.005517249381649156
-0.0012600085098937069
-0.007161610554668914
0.007243812427249239
-0.004684723856469954
0.0005867820409249782
-0.0067864775112891915
-0.0026293967121390044
0.00031643602877658037
-0.0012862826783204642
0.006125386438532583
0.007882911818097537
0.00048757584498290577
0.005498479713321441
0.012915133644928484
-0.001119642076102493
0.0009323509741525441
-0.0035648459737041296
-0.001748526314795237
0.00544360030108422
0.0043560572457832635
0.0031425330722178475
-0.003421634100668175
0.0034333237578636983
0.004938373769883929
0.0032921679114058227
0.004151596403759802
-0.004186812482852747
-0.005232313671484096
0.003560277039064906
-0.00013277236899681124
0.0036350371002118204
-0.005822301615189914
4.894675086782799e-06
0.005393547156452277
0.002469770305718664
-0.004267097316303307
-0.007038841981699954
0.0009440662787429294
0.002412741063419097
0.005303628778998502
-0.0023738402889490334
0.0038066585399371077
-0.002316020824941836
0.005860190556313932
0.0016720296949722154
0.009786934062071057
-0.0120285393098798
-0.0009371369330076898
0.005359901282709586
0.002301091469645523
0.00038178828888656575
0.0004596432143357159
0.0005023347281492593
-0.006531737419142749
0.003906262681889764
0.00884348305683244
6.748277817990052e-05
-0.008076287215658926
0.0008902400949892493
-0.0019688175993036448
0.0007563820831558309
0.005099831876264768
-0.00243126918777289
0.004409990107242903
-0.013260272928978791
0.007057887801690338
-0.006412786975494757
-0.010869376786330142
0.004259473571940997
-0.008599939584839794
0.0022662276655576147
0.0026069627465440245
-0.004019308237191005
0.00498126305965064
-0.0029725468869509918
0.003347103083577782
-0.008686971478007868
0.0012583350264418717
0.004338841655767364
0.002124150877661732
-0.004139414456358492
-0.0051127226838516854
-0.004490887275474929
0.004369904533687969
-0.009389794755900162
0.00618099241102071
0.0016211501616833076
0.0030463933947342224
0.004566510493575344
0.00015954766482848356
0.005870124606616379
0.006618592819799186
0.007346962475495063
0.008646144099396683
0.0013978966395404348
0.008869322408025624
-0.004225656533762117
-0.0018558037749608122
-0.014492879179182032
0.0031987152891166507
0.0005536315559170333
0.005357359646158414
0.004557450556591972
0.005016123753810146
0.002556649193215978
-0.003309053680282987
0.0051342093896474695
0.005113359956560111
0.004058602673693239
-0.002617051594883041
0.001186903700122207
0.003503167374683221
0.004451993753261835
-0.004458379768213254
0.0038983442057709443
-0.0007465082826856544
-0.007416110219817458
-0.005155287930467426
0.0005848744826863934
-0.002846541275360086
0.00619785259102839
-0.002553441281094405
0.00029991995897703065
0.000992454137501667
-0.0055762462732196
-0.005788361814357942
0.002232127313660935
0.00406875348985478
-0.007710090475242014
0.006457589684100909
-0.004447424780061439
-0.002433095495135479
0.001441304149002966
0.0013635418413094657
0.0016148080900764133
-0.0050410465070691
-0.00285306581281924
0.001372162090126604
0.00367496759736349
-0.005173119108631037
-0.012100724546265306
0.005107687627528654
0.005184399920848535
-0.004382173392999694
-0.0026218909848590016
0.004454240701076997
-0.0010331719711718162
0.003943373963641869
-0.0010938834220018464
-0.006888012035167213
0.00433611389215895
-0.004518089971672625
-0.00744679333188524
0.003031891756577959
-0.006950993556242519
-0.003157870631207568
0.0026857773750961185
0.007338387057723453
-0.00214039842229278
0.0008337728814631224
-0.0036915830748033953
0.0008531682551508357
-0.004562422950453535
0.0026574221308508675
-0.0026157813273308137
-0.000523440546854624
0.0021336907733399803
0.0005881042864218625
0.006463115749043287
0.006694766612674079
0.0014974178340007697
-0.006672811069957897
-0.0003157517816433971
0.004971460665311821
0.003705236540590222
-0.009312805891053962
0.006010202429092417
-0.004875604680019403
-0.00043873784312515246
0.0024947703779871614
-0.003479327979256801
0.004661965009184125
0.0019943847945894768
0.002942776071440926
-0.0013804032335557035
0.007157540099659741
0.004027911386293632
-0.006197326179329341
-0.0008968232433791055
0.002294785843572319
-0.005160461339351591
-0.00038414849309313594
-0.0029981766269156357
0.0013365588754764952
-0.0004511044890541341
-0.0028394398130261863
-0.001283148425061973
0.008151423889542361
0.0036072140586395824
0.001306713361922022
0.0012221950440644874
0.0010475466079392227
-0.0011572611684363412
0.006383025800050533
-0.006193843810137819
0.008126601275034463
-0.009884360831817799
0.004306283599083027
0.00040386642931978807
0.0003958103313600165
0.0008991689517382241
-0.014572965487111086
-0.002797674847694653
0.0016756320307199208
-0.006724995519853644
0.00022702201812532178
0.0012252000492986948
-0.0002210153169647356
-0.0020082415158418692
0.0033938168490194693
0.003553248203862093
-0.0013046513357932203
0.00645129350608095
0.002739452641778837
0.00645194801976471
-0.00197983031253987
-0.010901168393883089
-0.0035093544072744864
0.002637275022105184
0.002198724476924453
0.003905909290493764
-0.00032671684951149187
0.0059236938411384955
0.0005829275636556387
0.0035673016784181005
-0.0011628544925063303
-0.0059343450860277255
-0.008776876052756323
-0.00026553499211187464
-0.0015523222455405944
0.002020879910610637
-0.0002467443595803296
-0.002020713470595008
0.00012086151665078671
-0.0029393086121597104
0.0019196292090943928
0.0009781225359906743
-0.003400863949669307
0.0031632512711196486
0.0008922898003528301
-0.00016602087458673394
-0.003055103451299699
0.001108338580091586
-0.003626171609653147
0.007552272816324452
0.008011758262661614
0.005996852129319905
-0.002755022903808169
-0.004414263865824104
-0.005561781409998099
-0.003406560782355239
0.006806004040373973
0.0029480207263440066
-0.009293734715126798
0.003478890874168803
0.0018458628450683792
-0.0026903215290365093
0.0014549572056339972
0.0028038482957286905
-0.005180282934868438
-0.004666894992258169
-0.006104038349481217
-0.0046290859215286076
-0.005424116402577107
0.0016612219567668628
0.0011513063339770283
-0.00483746238143996
0.003587955057182184
0.0034241404611061355
0.002353007313260418
0.0007577737822338169
0.0074746980793849145
0.001071931647991285
-0.005798657552546853
-0.012236745370499284
0.004617128655488751
-0.008170442115537632
0.003803431083930951
0.008739178765371418
0.0025159102535797628
-0.005544105175499308
-0.014103304770830978
-0.0007007647422868895
0.0020900926872420163
-0.0052547928469016715
-0.00835935862012314
0.0006115114673182065
-0.001972595970769575
0.0038748329940204392
-0.0004823425839685045
0.0022815990191563593
0.0035655471658297528
0.0004253833727406444
0.006003312717315049
0.004032323152218463
-0.0070019714536006476
-0.007815905550271991
0.00028312458517868225
0.0012378190895166443
-0.0025844752460494748
0.0017011394659865635
-0.004156869352727463
0.008952428012476869
-0.006608799274267182
0.001142362489851727
-0.005218947435938837
-0.0022635787516962808
-0.0031096631425765486
-0.007631440688958158
0.0024251501956520523
-0.0014880650378912997
0.0025135712920672224
-0.001359857488281612
0.0005003357392073915
0.005361725848034215
-0.010902306680331653
0.002325797676834429
-0.0041675095672854285
-0.0004385029328930494
0.0015480527038833568
0.0024077974147836325
0.0031686715186092567
-0.0014504696891061446
-0.0009573117881096509
-0.0018208730335732978
-0.00025770435530092257
0.0034308674192529785
-0.006765342324744486
-0.005720916548146275
-0.004824798711664354
-0.007933998091620606
0.002622883396953476
0.0023811110824430042
0.0017555343877202775
0.002670625865083497
0.00011237508193206761
-0.0012180343285095405
-0.003656984819248272
-0.004181855754476077
0.0019007168271618477
0.0010163558202315878
0.0007443712347003802
-0.0065549598940824955
-0.0022686216386341453
0.0001618710127741123
-0.002315661815535101
-0.0036739509188817255
0.0015919964004670589
-0.002812324981047642
-0.0016836192982299819
-0.005127171480143565
0.003026187794582212
-0.00700412907500524
0.0008259210530978053
-0.009791060956272354
0.005973576438385613
-0.0050395543734503235
0.0026104147863022288
0.006471236307740383
0.005806679814231406
0.002170146509391481
-0.0005393610818626808
-0.005388377802388073
0.00031107289626987745
-0.0036680681663998774
0.0016683680663528845
0.0005898931056900974
-0.0020540014056505285
0.002051258061229445
-0.001243960508962781
-0.001435110638176144
-0.0010334551521761328
-0.0005261504614317658
0.0033217176895650713
-0.007118325076145743
-0.0013885950553905958
0.001984487433219304
-0.0033151807218945095
-0.002423968795151699
-0.003717465925004573
-0.0019679574912289015
-0.0021458616876324824
-0.002318589829354572
0.003923377059252031
-0.004738037183785204
0.0029460704306230262
0.003711636324303259
-0.0017620520074057362
-0.0004193490679010695
0.003582138957916091
-0.003767095051110902
0.003077885444611967
-0.0055826740322057564
-0.0048292160078013055
0.003325846211447509
0.005273135699908987
0.0015394044976425943
0.0056387401833285535
0.0018406708301184572
0.0062450336524117155
-0.0075956943480664126
-0.004745515532797792
0.00725925120852723
-0.005368447189203286
-0.00028591082107467554
0.0019914349162442418
0.0045720707706948804
-0.00834688387915666
0.0009364968120019196
-0.006166967065405595
0.005081052200004733
0.008265645009057883
0.002839880436181526
-0.006722233345614928
-0.007037857100054918
0.0020678399120822237
-0.014461742159384682
0.006477884455501092
0.0005613034909116328
0.004768688295785816
-0.007530754598998229
0.009916783830247971
-0.005284560317726486
0.015406209633600655
-0.011229913076085233
-0.0034458877785647317
0.008845246591932528
0.0012332780321784747
0.0037480962466307473
-0.0002515520256945638
7.321269199935425e-05
0.005885267487708125
0.0042891228925055445
0.0013871858744953054
0.0012575427929461963
-0.000436499790915644
0.002766333325495817
0.0019907021050055594
0.0023325428217251688
-0.008626127644402362
-0.006477048078253699
0.002001265501497871
-0.001067265317440799
-0.0010905259625798715
-0.0009418339182751476
-0.0002930387507098732
-0.004532485322072208
-0.0018619965704373758
-0.0009950752217103447
-0.0022230297999442012
-0.005495929127458758
0.006066217394075777
-0.00963972809184286
-0.000702106605750801
-0.0017010629538733253
-0.004468769694116883
0.003909232982276253
-0.007036348819774562
-0.001727635460009133
0.005497324392133032
-0.003954239060345428
-0.0008132848743314688
0.0036545255391674672
0.003366188009690329
-0.003513434123512223
-0.0032272740423628095
-0.0055373589541893795
0.002687244493250763
-0.0009070157510057744
0.0008296346977851771
0.0012283104934662963
0.003136211601465587
-0.005027217298352467
-0.006502056162484462
-0.005320822112873824
0.0034986397220771103
-0.011940803031983105
-0.0039885948989642605
-0.009674426471238107
-0.00085007484300143
-0.006247841855270294
0.002385847990005131
0.0014866570379908227
0.0035003209884984865
0.01105657283093414
-0.0012345111061004208
0.005062798857240739
0.0006696327504663283
0.005553985639299606
-0.002522401166501457
-0.0016582381229689285
0.0028868828904794557
0.001234776031415185
0.005285612419478449
-0.004521057506281846
0.0026680449893288897
-0.004118470047425838
0.0023444255334555456
-0.011794678113017465
-0.00661507020946812
-0.0077003325686574855
0.004180571036288243
0.0032640053789634847
0.0031955341404772855
0.00013076494379179302
-0.0017319491118722107
-0.0006326308156212945
0.00069227310410478
-0.0014584120775336113
0.00347244142415125
0.0032054829682354124
0.005738290987414341
0.0022854733024553872
0.0007954856013822927
-0.002481444757833643
0.0005938112456098414
0.004408833938886195
0.006299035159227064
0.002087106267244916
-0.0015072448338130779
-0.0051336945157566954
0.006018127989517443
-0.002180534740034157
-0.005402736111636425
0.009177133311595502
0.005521159749914386
-0.004674623316548741
0.0033336592610240623
0.0010122232134961138
0.002933125581675397
0.009497150374877784
0.0011892833239753877
0.00019917033094550665
0.003715934253376111
-0.0008310290665392043
-0.0063745771767854545
-0.00553607380674669
-0.004393262593518426
-0.00441455092573563
0.0012302482388589085
0.013312168786309682
-0.007747621543331177
-0.0004039111621458582
-0.00494715500894964
-0.005792248100669037
0.0007110749306350929
0.0003234163487605778
-0.0017300621698068596
-0.011152116628238423
0.00477186272800849
0.002577120842100586
-0.0009626012170878289
-0.003059888984643421
-0.0010932828869487942
-0.0020893405798006943
-0.0026632083225425185
-0.0028741330426186327
0.0017755134712305566
-0.0007930307138314
-0.0015024273850659843
3.81280016669437e-05
-0.002711452325483227
0.004472132221511724
0.002720703947578539
-0.005909373124233222
0.0035336238942351205
0.010433910685332018
0.0016316446377396552
0.0030167527006175563
0.006055509966953029
-0.0041052174632121435
0.00017161385068264402
0.0031433917507601677
0.0031859535810439604
-0.0015182934486971719
0.0006367816598402964
-0.006025306980464128
-0.0020972869165588872
0.0036608235649244524
0.0034643020964438007
-0.0026202714348830067
-0.0018689630206530157
0.0013497435942027582
-0.0008552838279680349
0.001373146986527897
0.00431402699412031
0.004018790271033219
0.00025936852251249904
0.00282299241133943
0.0026706731280147795
-0.002067057217128731
0.003859398541822685
-0.01307998411191611
0.00249600796789528
-0.004912495794153158
-0.0008088676992629714
-0.0008113412950291796
-0.0007627201036537173
0.0009197596756785025
0.004663022190128108
0.004738236823726942
0.0010735194773885235
0.002628778178891019
-0.004107700719007602
0.002907576078491155
-0.0018590738114632433
-0.004444840822485005
0.010403268693079889
-0.0001375770964614614
-0.0008486757486862908
0.0035576447470918224
-0.005383036849806117
0.0064933285873915005
-0.004221070405910606
0.0034781268278834413
-0.0019108506852392728
-0.009940893145357354
0.0004953373784663561
0.007343826853125198
0.011552182137326169
-0.012120837276672567
0.006648201598525453
-0.0040718869071329844
-0.011870949742343952
3.6107925014188285e-05
-0.010019588019214548
-0.004068093043679197
0.000951015888061534
0.004014283119377716
-0.00241417467235742
0.00621335834508863
0.004694374197706574
0.0031278277441658285
0.004404525657696707
-0.0031070114887288038
3.483246121354336e-05
0.002689294573079608
-0.006060489964828162
-0.0010375323105505261
-0.008465034214913047
-0.0009721205692951195
-0.002581119067783988
-0.002333904204249723
0.00445388945093063
-0.000955580424157491
9.983545655831826e-05
0.0019095922250534723
0.008999916510765777
0.002177691379733048
0.0027742562468527983
-0.010589993981901219
0.003510262356166729
0.0011492604799852573
0.001990350672472559
0.0021778990306976945
0.003436540361110357
0.004236118299473994
0.0046197554988285355
-2.222182984677508e-05
0.0049530651704695235
0.0038133493081264668
0.005448238241649915
0.000763279900655051
0.004385997366531848
-0.0012552862897655098
0.0009834219094721596
-0.00024355359638108146
-2.6935790328315496e-05
-0.00013377653808082022
0.003274341809538593
0.0033308800504665624
0.006781890378267146
-0.00525128162789633
0.006033114460906969
-0.0012032536707273745
0.00199274633029752
0.008975700071900168
0.00024502888599478443
-0.0011960098021411803
0.0009249629496777279
0.007716231657852022
-0.000875963671586924
-0.0028262939069244957
-0.0018748320471110513
-0.0033339701642795495
-0.0007995762624672903
-0.005753207162946278
0.006760189957882703
0.0030607731966703264
0.003956679505631964
-0.009659727804851036
-0.01144289527017109
-0.00795158950685493
0.0018315029894889132
-0.008401645900946839
-0.0005228900195252726
-4.2436094514993784e-05
0.0029624170586321306
-0.008195162999689146
0.00525361821240058
0.0016226948964149315
0.011389377399645722
0.007245092787786139
0.001220139529022937
-0.0039043118073679053
0.00060901816304695
-0.00781426661519328
0.009129986665503359
-0.0005983865077983657
-0.0022591297585620776
-0.009925795282730604
-0.0010499035110431382
-0.005778681968329748
-0.001981380606672356
-0.0008603423243763671
-0.0031112820242375403
-0.0003111929579160753
-0.003937023693540859
0.0010304076649139773
9.526288200691072e-07
-0.007771610896423906
0.0012352501215557737
-0.001050100165011529
0.006244218253913469
-0.010203304671800816
0.002709499024594415
-0.005634950962827102
0.002145174975421426
0.00956197214604925
-0.0016108610024500006
0.006433569983810483
0.0027541178741387544
0.0019397759777616068
0.0011628716793597926
0.0005031521449549503
-0.0012241598775331584
0.0018454088302178198
-0.005137006891150382
0.002140145960231595
0.004664351514989767
-0.001011966067051385
0.002757629513285153
-0.0030125932406259845
0.003882569640237297
0.006908693026989657
0.0036524389923777907
0.0014754355768736751
-0.005573144331828714
0.00032492556974170525
0.004242146700415247
-0.0014965615098531328
0.0049438835416421405
0.0034968811800848644
0.005996451997759025
0.0030974771898902398
-0.0017088373794526856
0.0012483929745630735
0.0021476438340616304
0.00716747720081107
0.0011629672897383206
-0.012217477154461212
-0.0018808663846577877
0.0019278491602824329
0.0034178463413807357
0.0009628684451113278
0.00033613946373545206
0.0007360715981051664
-0.0013713705210200912
0.007220630513246429
-0.005376939748827885
-0.001859725276053636
0.0005575528123845927
0.006453300584764427
-0.0009656891751328592
-0.0025302480802722282
0.0023409462865714085
-0.0012748132799760847
0.00019960632235272634
-0.0020252444595127202
-0.0014306498055710634
-0.0012375149236326572
-0.004205831503082234
-0.009019421245127607
0.00410672215539831
-0.009554661713266646
-0.0009517729431182552
-0.003518618714964761
-0.0005108869393601903
-0.0015598768029372232
0.0007201910329845644
-0.0007928375407385738
0.0027183108962326014
0.002062222058023058
-0.01564713714017554
0.00312845205003801
-0.0012379638032935267
-0.005160492210192483
-0.0075522281656825885
-0.0033534149429268385
-0.006698082684612993
0.00021385971704480228
0.006179409735604168
0.003668897805838789
-0.0025639791837325943
0.00023617016948506662
0.006864039196203477
-0.0040218950676577814
-0.0029708267934454137
-0.004397017160860047
-0.0009554242905112191
0.0008930978387638007
-0.0019103586410835005
0.0045997941827135335
0.00521059012469845
0.0006165420948695249
0.0005779296078115426
-0.004739520285747994
1.722034360840843e-06
-0.0036061221589177074
0.005385028585816947
0.0016995098250344408
0.0006466585482746371
-0.002671725958276347
0.002788869834589979
0.002531396824874271
-0.0024313390970324197
0.0024051167889006697
-0.009735076115852276
0.0020286975186971164
-0.007895056720029155
0.005241907788800985
0.01598805780584755
0.0031965284648733864
0.0028143638462115963
-0.006432893771537142
0.005750013298809161
0.00048186466495011757
-0.0037633618847835253
-0.0038775341232509465
-0.002342846438469582
0.00030010303031279624
-0.005663779987022011
0.004455789851163846
0.0020420988584827307
-0.011532660839539086
0.004076881887563794
0.002510183173178566
0.005196643531865185
0.002352960902811454
0.008253680483492846
-0.003980937617935403
-0.0012343375805756644
-0.007751878373020084
-0.0031125658939268838
0.0023023499806835916
0.001733836457367426
0.003137575011958115
-0.00792182191075259
0.005409023432136727
0.0033628468508504735
0.004323338852391255
-0.0032419698294525695
0.0005523363696445927
0.0008259485237862361
0.006406094165437291
-0.008368064760516537
0.02236631889383137
-0.0047684506011188
-0.0026968643262596207
-4.612520607408078e-05
0.01601557798509436
-0.0003992541304257211
0.004693752009718734
-0.013665674937560011
0.001982938102983191
-0.005288244900989675
0.005024624695098239
-0.004169279760628916
-0.0031032457160579375
0.0001464767986326327
-0.0022100324201852085
-0.00023943366937529174
0.004811846205321879
-0.0073968271268317395
-0.0002091247834961316
0.0020222898842733716
6.567691956530463e-05
-0.004538635761379095
0.0033239864656716056
0.012797586970688132
0.0060574641073244785
-0.0030291193243555123
0.0014399797589396046
0.00029967297591092305
-0.001407677110372352
-0.001130230571898001
0.001712658374838961
0.0038632149582080774
0.0020168109289711096
0.0013706539307570163
0.006359501357945781
-0.005657355453650755
-0.010557457856638417
0.0006849627077208589
0.0050287303178574725
0.004703267435531766
0.0033848699430181193
-0.0014641039612734918
-0.006391385168602051
-0.00571529745381041
0.00048685854761565053
0.005537952714971007
0.004774761282302473
-0.00602174995480583
0.0034554220414466956
0.00706905316521919
0.00046925597120211105
0.005698886730234236
-0.010324539125243394
-0.00809233503386134
0.0015333782110790476
0.00047718828615314656
-0.012019127451541614
-0.000688929873527714
-0.0004051136509639965
-0.00042315742014239225
0.0006280063733523643
0.0007317693837353236
0.004956493974161626
-0.0037865276219030287
-0.012204252608402761
-0.005251107685829869
-0.004045620431490647
0.0027482430389362956
-0.0031947105995775416
-0.004018517976622427
-0.0013185334506325738
0.003577304185857254
0.001197141918043354
-0.009842466297734064
-0.005501842445596312
0.001504878170202964
-0.0007666287705539826
-0.006880839919209599
0.003731146684822336
-0.0012403056584705308
0.006709723934328415
0.0024609048774381723
0.003231734951413335
0.004056257440514633
-0.005923221382498982
-0.003536373023745795
9.357668684402419e-05
-0.005237324418375276
0.0017731755495515118
0.0006067234591669393
0.0029701522217380435
0.00042564991976331673
-0.0005301418241216086
0.0003188197419364851
0.004667940051225735
-0.002846680447433526
-0.0011148890636735135
0.0003460441086659509
-0.003689572173134015
-0.004715824367391819
0.0028224529961825813
-0.0010880508186847948
-0.00920595622593298
0.00234288806499131
0.0049320499296332775
0.00873977392248333
0.005248264816557967
-0.0005150829847967085
0.006884278920265431
0.006425506576644301
-0.007691456789143999
0.004735296117500171
0.004772393542524734
-0.0014325700094339005
0.0029211853496422364
0.000817558127861099
0.0032284902695226022
0.002559808269358492
0.0020256730121299173
-0.001606678880035728
0.001979718561150012
0.0016586180407964426
-0.002568757484501165
0.0031192201009113546
0.0017779746578341403
0.00875679756277757
-0.0007845468364990027
0.00017125269105145116
0.003909910051808436
0.003231554746377403
0.003776925198712709
-0.008525999307859577
0.002345200246751474
-0.0035305163448011924
0.0031538201523658325
-0.002927482286131716
-0.0028506351188100736
-0.004454495240085909
-0.005840670899675789
-0.00042141824663483697
0.009283861730559242
-0.003196213183844647
0.003132871484085258
0.0005930508215725563
-0.0027543839177851916
-0.003990388944797224
0.001100819783695705
-0.003068526476497599
-0.005260561835102204
0.0002279611660540548
0.004477906160145549
-0.006229889404339472
-0.0009027558945046685
0.004000133348827972
0.0002630007227305328
0.001632873061349442
0.0003782864203254447
-0.0023627179569740927
0.003031979012101742
0.003699811249636371
0.004722355588222582
-0.004254006992816871
0.0036715893186586948
-0.0017373734342479548
-0.0008861063709493573
-0.0004952869743870731
0.003219933092322823
-0.0017776969324195331
0.004922187268680425
-0.0003686716426734613
-0.008326089025021065
0.0013261796550485213
0.0061610775569407505
-0.009422349058714813
-0.0023683691843826966
-0.0015522131023025857
0.0007121891696080775
0.007399614988592358
1.99613594257678e-06
-0.0030000761385296664
0.006794078203168088
0.006969862652565671
-0.0033753963778970584
0.0021641185605333836
-0.006621617954267138
-0.0012543386531911694
0.0009081902485412288
-0.0068022142024538775
-0.010219614957299018
0.0001308267338469249
-0.00674780334846029
0.002693131188360524
-0.0024684437075315133
-0.00025782937238613907
-0.005035648275025379
0.009473248863171723
-0.003456352185300587
-0.00772955986795564
0.000432644582201811
0.004401169741890216
-0.003209609685025974
0.0001000945363818507
0.002975711794922078
0.0048392366531323895
-0.0017462654178400198
0.0065466662934179866
-0.005164234539904375
0.002033940649014734
-0.008014795769501596
0.0051845116684297865
0.0019391360782111526
0.00421975751128883
0.0017682829210426416
-0.00045027998764142106
0.0062586532314681835
-0.005227391386573766
-0.006218259704298258
2.9719064708960806e-05
-0.00545422932693795
0.001672955191316019
0.0006898442496357717
-0.0027492064372068034
-0.0004419848698432904
-0.009240948380248457
0.0028980059501821495
0.0003118513582818523
0.0027987226674517905
0.0009657734846773096
0.010210101044651788
0.006425289066815192
-0.003185426110818614
-0.006928775426419768
0.004595706377388806
-0.0025814444071579385
0.0009497443007632314
-0.009910935293786633
-0.005282919290697747
0.002697988428487415
0.005755914827513008
0.009085751003613642
0.004063647813076124
0.0025329916159192176
0.003717815544898613
0.0033119595548706704
-0.00017874475944042338
0.002275635981488103
-0.009463220110610014
0.0009181583352046794
-0.0025926824600001857
-0.008958269034292908
0.005327513553748667
0.005923560577244569
-0.0023485191383561745
0.002787696944029996
0.000233769289659206
-0.00709699673716471
0.005883867427703438
-0.007576579311121366
0.00325026170432431
-0.003355890670909935
0.005838173630502114
0.0038100039526780434
-0.012329411129574763
0.0018572521874098509
-0.0026421017281103676
-0.009222384700756479
-0.004862128076348511
0.006036390829085487
-0.0037901031440963203
0.0013385798644791368
0.004316881930575391
0.0012195907269779275
-0.00620803202776821
0.003847025631365968
-0.0014231945505532668
-0.005003196525220464
0.005107964889458189
0.005163775198438537
0.005100421503478409
0.004673579511113653
-0.0009552782000445099
-0.0022793212754908133
-0.0010880683490773829
0.005345556894737246
-0.003441981381016849
-0.003556148143682093
0.0064705369794497
0.0037969436613654443
-0.006924996634369266
0.0029462339646879935
-0.0022922220702658474
0.004511644680360392
0.0023786419704570046
0.0030985109538221663
-0.0036086756362937737
0.005646645667254689
-0.0032178118228802202
0.0020510357569557625
0.0061088300271388875
-0.01313189697005766
-0.00011245785271802837
0.003013860601607104
0.004863702131829603
-0.014033944634139876
-0.0040041469292397495
-0.0017687425195331682
0.004424030032323481
0.0001233618740161519
-0.00012283844560362033
-0.004491076019686033
-0.003922504982617067
0.004952041013015408
-0.010147388560497636
-0.0014960853905501633
0.00031505755292503913
-0.0013454036895859055
0.0014594389175695839
-0.0020724368642795
0.0033314652318881563
0.0036991158168060193
0.003888445505118411
0.003719353526076636
-0.0012635734267626186
-0.0009304547803415665
0.006055203261076008
0.0035518692877025216
-0.0025378678727215106
0.0003078431787479488
-0.0006116578088732862
0.0006572474792062693
0.0012577544923678657
0.0002827135044572985
0.0007679300062029297
-0.000808399684367112
0.005075904611203957
-0.0014200520610417333
-0.00561203249979675
0.0026030960882341687
0.0016953983912037427
0.001006224084435162
-0.003058791214135992
0.0020770240396737103
0.002484041409704809
0.000868761051166739
0.0014121746610726645
-0.010677646080048368
0.008223613273172338
-0.006422112269246575
0.01432620059409788
-0.011332972292861064
-0.00224335906177655
-0.0023581758714904394
0.0009627330029752152
0.0016272112860786496
0.003194037005963533
-0.0074666827537243656
-1.1910463171254813e-05
0.0007085320402433669
-0.005890154820558142
-0.007518423558341698
0.0008483350084552608
0.002885378630010773
0.0035777593669411236
-0.0027757537449592815
0.001886260745638346
-0.009877365576206687
-0.008469720514912198
-0.00047785166649871153
0.00206106839086647
-0.0031777285698113577
-0.0025105490810109856
-0.00031245587544411797
-0.004160370939021576
0.0005732053662840943
-0.006888963881158409
-0.005534048081942105
-0.005383516890649919
-0.0012690316412077207
-1.1082643643722845e-05
-0.0056537010535769715
-0.002853291716139056
0.015452706163860682
-2.5067549316742852e-05
-0.012271082881677444
0.006932991514226326
0.0015588799317847464
-0.0020568821316981362
0.008106629353514362
-0.0005019782618863307
0.00033525584121085484
0.004032941224139467
0.007714314464272321
0.0015064051404702367
0.010548455698825553
0.001723607858468452
-0.0010830389269926145
-0.014383563562593191
-0.000563058565856793
-0.0014162356231993702
-0.00032167822641626464
0.0040535631659420115
-0.0008654864373925736
-0.004604334058768062
0.006325674644395189
-0.0034830107271988523
-0.007890904300934639
-0.007955713024887522
0.0021817352411933762
-0.003377200874076718
0.003808688651922917
0.0020553803639171155
-0.0022036051510007583
-0.0034375899671029056
-0.002864989729723969
-0.0035624304232839115
-0.010258311786633759
-0.004727549384024101
-0.004262594753975649
-0.0016120981923558933
-0.0008126818909346137
0.003637024169623067
0.00108003281293249
-0.0031937049856016705
-0.012880559896579142
-0.00024416467438128525
-0.004230393649320788
-0.00027453743179434625
-0.008001993669026892
0.0010988014799141312
-7.068186184755596e-05
0.0016856749702130326
-0.00488575541887028
-0.006495945672886324
0.0028103917320192883
0.00254594025479548
-0.004669890560105625
-0.006124822299820035
-0.0008782670808330967
-0.006661676053182759
0.0023922963045466504
0.004206868537449561
0.0039048783221732903
0.0013820967888939295
-0.005417220534924049
0.004971361720605126
-0.0018469179474823534
0.001813967515281628
-0.008814935236118615
-0.0005211596546044967
0.004383160890837039
-0.002782815897124634
-0.0039794803079443225
0.008973078121493016
-0.004612453746278024
-0.008095276545210917
-0.0005397414822578923
0.005708390237795073
0.0012099668703196547
0.005466876877850297
0.0005569288907059253
0.0042402517019493775
-0.0017840273318956053
-0.014125104194734185
-0.0038226861817387435
-0.00015932112577763522
-0.007436162538812766
-0.007205369329134597
-0.0008417420620432939
-0.010373962777483852
-0.002301401412335651
-0.0009609705953253779
0.015187918179181336
-0.00957392110088003
0.003006706770370318
-0.0020068952261944823
0.007549734648673683
-0.0047028609859728005
0.005432536647276662
-0.0007855726868736876
-0.00512026896685479
-0.009826742509114928
0.0003151431858340251
0.0013763694437247253
0.004800843438509046
-0.005165552248289995
-0.0009115635458568691
0.0043223457136006465
0.0027804825810601973
0.00273458677913282
-0.007632748938886611
-0.0005911610403693873
0.0016074770153551032
-0.00214287091940279
0.004006358904421838
0.0031296590310775753
-0.0017587704164410108
-0.00026144529970907035
0.0005968045239877976
-0.0001481785173073268
0.00018987321251557473
0.0019155480636516779
0.000663075716100398
-0.0007462443197084112
-0.0028440187987141662
0.0011196377901251705
-0.002200340934610464
0.0025203341912410832
-0.008527471057878508
0.0050656316243996346
0.003148777554585625
0.003482394101720942
0.0034515867371984746
-0.008356258993850047
-0.007216251607010937
-0.0020968259223025972
-0.01020394393392826
0.0020284079254159347
0.0016694992222336606
-0.0011376005770169597
0.0006377535246584418
0.00219087716158627
0.001243992258091315
0.0018709942530703437
0.004398795975214691
0.0016154654146885105
0.0017258527314081343
-0.0015640544044347327
-0.005297329201817904
-0.00046806345837885365
-0.004885944771535297
-0.0009644430234364853
-0.0014108102917523369
0.0034424063377500713
0.0005477797658395561
0.0037932049568396974
-0.00555404086701173
0.0006594358084170707
-0.0011254449244121989
-0.006091799864690879
0.0019688712675658164
0.00017337804033398308
0.0013612365221903875
0.0017155375629021366
-0.00033775150890239875
-0.0025590440813182836
0.0010029114184695654
-0.001570405679323552
-0.009624734949255675
0.002591757187818013
0.0006547575509246507
0.00912964909186402
-0.008922220559998122
0.005963785033964887
-0.003380009303582084
-0.005107559844621612
0.0017652095872626797
0.007219076081270776
0.00020088896136317286
0.003583429969767749
0.0023605702083629295
0.00742043920366973
0.007687914609688446
0.0005008165340071516
-0.0012940511265299832
0.00022849861210730597
0.0016533192742273087
0.0037403160770178912
0.00039000047944243616
0.0044779213944083065
0.002170586328372355
0.0061783641277658105
0.0006278492648603359
-0.0007857296599760894
-0.008103485709307556
0.0041941218434583495
0.0030646905486109823
-0.0009805941020109296
-0.0003281832184268797
-0.010444221809233005
-0.009123897598007285
0.0016131871384162735
0.0012570583146411492
-0.0004952552714634964
0.005592031385345761
-0.0010256644551929763
0.000569211722952808
-0.002593912888727036
-0.0011452360838455284
0.001994210785296935
0.007735187045022687
-0.0014061240420193274
0.003086803460158938
-0.0060605384981455394
0.0015044639592963083
0.004521353263893432
0.0005414853959451716
0.0009021282187226287
0.003381752511942876
0.0031766253210718026
-0.005381634066709571
-0.004017963732702521
-0.00720609971957357
0.007369674247618164
0.0021405531281453085
0.005391927136679851
-0.005312006676142349
0.010754381347749864
0.0057301379889013885
0.002596066615222449
0.0030294985204080468
-0.01040233339538209
0.001665875160730149
0.0030184792175688307
0.0007439046493251177
-0.003072183607058282
0.006316391433884058
0.005227645631475969
-0.007582603035321344
-0.0013093059138455235
-0.009096463219662574
0.0056410492004808094
0.0019708831829371356
-0.002733727783805047
0.003103301365568327
0.0015070791366699264
0.0015960944653680227
-0.00031223436740313135
0.003483812881550088
-0.004642793179618601
0.002655061362450718
-0.0017502772555222834
0.0002339094822420842
-0.000814025983230162
0.003031952190724485
0.006456400474186881
0.0029463026563215423
0.0035240986242991226
-0.005747544493758806
0.008610189964235123
0.0015635745339312825
-0.005169782782500312
-0.006037425993671647
0.005221997336966502
0.0003494671219034665
0.00746848292191529
-0.00023205121780038517
0.004619965043197194
0.00502166074740359
-0.0062242662002294485
0.007092728953562231
0.0018280654478463176
-0.008251201964020197
0.003797667482053871
-0.008956448381476757
0.0024831486709305122
-0.005839856718692506
-0.005448752990836957
0.0008216467663240891
-0.0011381774754837819
0.004953032756436842
0.0038114364733554213
0.006483627332551208
0.005439373200857123
-0.008808192931977583
-0.012519903257047509
0.0032270593622596316
0.0037741322344490226
-0.0011315264997903184
0.0001573658191152427
0.0014611952024747906
0.0029753505307480136
-0.0008002046270020215
0.0003613630594145233
-0.00358135811876899
-0.00080890752745061
0.0009125759827275407
0.0013500967611513766
-0.0025727259428111504
0.005362363572641172
0.002068386690510559
0.00065728986623059
0.0018170333772393478
-0.0018616178568938559
0.004139018546342984
-0.0004016305795874548
0.002267302095961643
-0.00866792378605663
0.0029110492701135823
-0.008362513451604544
-0.001950717359490788
-6.930860236583715e-05
-0.0014883070526664308
0.0037713242104184686
0.0027187894146454973
-0.007441750403408721
0.002166709984962224
-0.011996162499535962
0.0027735909419172094
0.0008350792137471818
0.007144810245937075
0.00478207830955667
0.0008795293250674987
0.0018401421072929602
-0.0010364187388109379
0.0037026912036477117
0.006853108138334789
0.004750323840903045
0.005672586520913677
0.0003287971497593397
-0.009435693678076036
0.000138347850437792
0.008144238098008873
0.002076072868266058
0.00310918900037398
0.0009094470626462493
-0.005249908599394326
0.001489253052038385
0.004645941241442179
-0.002125382331289998
0.0037908982098228236
-0.0028097901410236046
-0.005743787261138134
0.003087113284274833
-0.003847100144404084
0.0015144556184843701
0.0036796937970931688
-0.000810887145622973
0.004877211213848153
0.0013377185225888764
0.0013243925976273107
-0.004808755630053257
-0.0012161366070354191
0.003647687713070289
0.002212388528373699
0.00426993546403447
-0.0028406423518236227
0.0010656596059011997
-0.006540120265857256
0.00031203227943621924
0.0012207286119973405
0.0031356258773473384
-0.00020395688371673966
0.004821879241194745
0.001266265912262286
0.0032508950131082113
-0.005539055627607164
0.0026443021284133375
0.0013390491572077977
0.02216544696010506
0.0022768131214237057
0.0002518916662859999
-0.0008508831841763165
-0.008436623993941463
0.0004552508966574781
0.003684323319267158
0.00847890424009904
-0.0004719915006366557
0.007507448324984288
-0.003710045111369182
0.004014148607351469
0.001991717309196111
0.0027895907681801733
-0.004679754129978057
-0.0032426205051447787
-0.0002539417723910945
-0.0017485812679224535
0.0005138493337176236
-0.0022750849355484947
-0.0014474466395081947
0.008379616328603026
-0.006550357656589105
-0.010817701324844862
0.0032388710070904176
0.0055087400925505165
0.0018548787309883553
0.002151224779083905
0.0032201631559586907
-0.0014378830251934975
4.492692629646966e-06
0.0010399553383474802
-0.001083402618367064
-0.00405252413721472
0.000859282423434856
-0.002219313081946966
-0.0006693496081971289
-0.00030468856157943894
-0.0032242120007085623
0.0024952995195071694
-0.012849597566775698
-0.001944955995603119
0.0008621418450597472
-0.006690983799296139
-0.0031053055014922193
-0.0037004414507932166
0.0019648650476105957
-0.0020348222561102835
-5.674019461438217e-05
0.004125893139010271
0.005825575748958715
0.00198838102319261
0.0024532973177674093
0.003005906155995105
-0.0013462118870554223
0.0009673359536827322
0.0019659138836210428
0.0008122926705461347
0.0006849881574621547
-0.006166919206851758
0.0033227711830589417
0.0012348310512478053
-0.004622294567532635
0.00283300647872332
-0.004171563285110647
0.0026044791508018756
0.0011381961319206677
0.003102943417141853
-0.008455462850772352
-0.008179565793042696
0.0027457778842798833
0.0033514760306056664
0.006085232507587244
0.012445294239905258
-0.007969640463752497
-0.0005468206372741678
-0.004804633627149139
-0.004146027598874406
0.005246204244470141
0.003051301494815355
-0.006337701110609291
0.0032395985339080664
0.002734276122991781
0.0007716222436884529
-0.00011379078798615402
-0.003649943558159452
0.0043609797601574535
-0.0013120448486941224
-0.005760560768449171
-0.009995426330033088
0.01124725559862854
0.0007710704795129882
0.007498387483675019
0.005787025921715932
0.000756894703967219
-0.007882741936896774
0.004283826458280928
0.003791393249237836
0.008237462107474957
0.001867917663459293
-0.0006079897373169557
-0.0017701753021784733
-0.014350173141434441
-0.0019691514277163716
0.0027084537586644706
0.0025635272149451714
0.013890109320120997
-0.0030287238325393414
-0.0010026214059388188
0.004410373241183621
0.006853201353223754
0.002558560008736953
-0.0008614338779228808
0.0034669746207633954
-0.002464671901887426
0.002804935352019709
0.005200283723232144
0.001656667622054422
0.0016973929669305905
-0.0013837884169235156
-0.0008927826491156715
0.0035149397561149215
0.0005365915853255258
0.0019752251501233818
0.00041859893958497374
0.0010393915216381998
-0.002517827857078539
0.0029524509436906223
-0.006875928918786936
0.0015279202067862109
0.003994493270117896
0.000434487360223208
0.00048247296831777314
-0.0004294190758373084
0.0021302780885577182
-0.0008080452022246727
0.0024295335314439
-0.0014079338048318293
0.0037109438158092435
0.0012980015277229068
0.009124559968065937
-0.0027567302696556465
-0.0141565872159631
0.003427572588587263
0.0023788180619350513
-0.003934527354565099
-0.0011581094605061161
0.0015016360826842427
0.0013936925221156272
-0.016634788107216015
0.00131299335200557
0.0019230899854488536
0.002278865719464363
-0.005871800288860192
-0.0065666516050790665
0.0013578404640278378
0.003458777397416419
-0.004434751595609852
-0.0016916213746616512
-0.00024333220304338307
0.0010106978176598585
0.0026302291008825775
0.002475337221361996
3.5903982426119756e-05
0.0058532254579400375
-0.0001416404810002162
0.0021602880672834317
0.0025499223606760026
0.0021009564292845647
-0.0011493825505682668
-0.003208542771312753
0.001258823924326674
-0.0010246124819202507
-0.0006949171529287829
0.01018157278354269
0.0019521618080533634
-0.00133103223545348
-0.0031832131930746776
-0.001245867256256863
-0.0026855298421127527
-0.005261624222265592
0.0016901213670033797
-0.004275830114445256
0.006662808315111653
0.0039021486332163732
0.005232358835398468
-0.010049065087870263
-0.001975582743383712
0.0011612099197505733
0.003858206473068766
0.005737453075235118
0.0033123269424849625
-0.00026631092090529876
-0.00019678720592139468
-0.0026451576685887716
-0.0022472082714573858
0.00305750291874743
-0.0011802346631873805
-0.0024829863621597115
0.0011670822819337076
0.001541937885479661
-0.005101253334464392
0.005797479135237046
0.007630271890204774
0.001101901412658214
0.0021557532640560707
0.002155854067794336
-0.003924190363120479
-0.0029124603755627653
0.0023015986541463965
0.002006786577022049
-0.002816578131629101
-0.00333202893275747
0.0006693155176723116
0.003523644531617906
0.003908411066744493
0.0027001396170648092
0.004939616269750975
0.0028027636665480635
0.001446644034071077
-0.0032217319838288433
-0.006259271625899105
-0.0035261588570818744
0.006688386419273268
0.0006674712616413426
0.002030112724069744
-0.0017655576622601186
0.0042325939711673035
0.007398636277797302
9.39874273783981e-05
0.0021622503730107994
0.004266738793209804
0.0008460608620514644
0.001419414766125983
0.0007669898987818162
-0.011828181128649924
-0.0029573556101522643
0.0012020168948232495
-0.0016023201914193773
0.005559111110307692
0.001632409603958486
0.00552621543404807
0.0030658247701024232
-0.0019066758558269469
0.005978730002481205
-0.001032854187910191
0.01562910209077743
0.005434518467295306
-0.010121519191702955
0.000685728052252046
0.0024211621081984564
0.006787649317560795
0.00025035270480269
0.0008323886783147737
0.002944492527319652
0.005389242856919326
-0.0036777608642869684
-0.0026920196875207373
0.0028443530797609075
-0.004581367799345344
0.0023869894954396064
0.004562320264765106
0.0009049952231183338
-0.0016366176471780797
0.0007979841309568994
-0.0026013610335787617
0.0031635507488450144
0.0006591087404817338
-0.010394261108062087
-0.008620920288165761
0.004450776316743311
0.004273055714675693
-0.0033243294435259365
0.001403199672711757
0.0027410846438973646
-0.007437576426098825
0.006325854144700827
-0.00027967587047750053
0.005360685266557384
0.004117158187992342
-0.000749672378543515
0.002119702082094503
0.0008052845834984575
-0.004826630676361332
-0.002865804929347181
-0.0035311054765424007
-0.0095220113360839
-0.0014304231465993506
0.0016599546943594713
-0.0018455244376049918
-0.011991759160533477
-0.008576687271678726
0.0034247355189972535
-0.0003086360185115416
-0.0017694881272501898
-0.004656121459422217
0.0014140941710859536
-0.001362672441926682
-0.002323427297319883
-0.0022399131606844805
-0.009672889481011498
0.000944156876475557
-0.004555225479573246
0.003798726489174978
-0.0016968613230042729
0.001891019171584265
0.002424728375166827
-0.002440139531291421
0.0014371328715930697
0.003923488132079505
0.006175417973231273
-0.0022788905397663063
-0.004592172429222816
-0.00033295463012731073
0.002512335132112298
-0.0023939471775143565
-0.0038656314999998315
-2.064075873247724e-05
0.00986724466839788
0.018496678134336524
-0.004494805222324498
-0.002093203921736785
0.0013656218141153448
-0.0015503074293146018
-0.008006404511429994
0.0006836817286136093
-0.002048178941728839
-0.0077980009645013965
-0.012448822552429404
0.0038073862980932977
0.0009002158900832143
0.0015788476049102352
0.0012120871183208268
0.0008016848792815232
0.006921360322735078
0.0016024401543400647
-0.0007943484733400322
-0.0014916430923248172
0.003759252472383135
0.0056240929784124
0.014320432848129606
-0.0028836653162182843
-0.0054073523593932814
-0.010817406047930746
-0.001967951322225888
0.000917491630712729
-0.0021391478358286707
0.0012648499346594561
0.0025069183953317325
0.0005689970377593467
0.0076855269833936155
0.0026139396851482394
-0.006811047775268119
-0.0020064276288017774
-0.003007246572908
0.0031528892994359316
-0.010161411729357046
0.001377369435209306
0.007383435261165451
0.0026989707780921994
0.0005760302696485352
-0.00017396270908558712
0.0030979101036361194
3.757104135513491e-05
-0.007663543786240776
-0.001236334456525915
0.004635927021291578
-0.0011238781184749727
0.0003395349135740394
-0.0033093041386675175
0.0017333433323121037
-0.002398323279403246
0.0038297624010422237
0.0023160946148561624
-0.003515137285137909
0.005085016285389042
-0.010927826419840893
0.0018019162679428625
-0.008320090733223233
-0.0005885329932765019
0.005920815990273636
0.0010899994791680576
0.0017890446079518417
0.003276631003863145
0.0036125489637782457
-0.005519476468971581
0.0018167061431317855
-0.0026311325782055325
-7.61518904701397e-05
0.002303988347353811
-0.0007334935937931078
-0.0021858265494690693
0.002478019413395485
0.0011583805043642033
-0.002252076097564459
-0.006460966574355917
0.0011141906346738683
0.004122655854941129
-0.002967981639295238
-0.0006640639777872874
0.002791366089189554
-0.010623594389872766
-0.006206473322843606
-0.004610801002197603
-0.0016406829367104465
0.002671469349951954
-0.001992022484465883
4.53359122441772e-05
0.004812466282009084
-0.0013155975081725385
-0.001990767603663248
-0.003227173591803697
-0.0019581219842419884
-0.0010243380856623891
-0.0009087548127665691
0.003969371727158768
-0.0037529548788419386
-0.003406143216668239
-0.0004770116119099803
0.006538552844887297
-0.008364847467594555
-0.0035855922411686583
0.004033171182627801
-0.005960541251763741
-0.007677119454665997
-0.004479788949580455
-0.0022441595012025846
0.005014045720335749
0.0008310995414085066
0.0019176159283250977
3.837302395413864e-05
0.004700917919344719
-0.0016815707624828786
-0.004288259733035278
0.0037327737029901856
0.0027289250857881874
-0.00745930687990192
-0.0013189641852515022
-0.0028502850524679255
0.002472534106990294
-0.0029916893970891346
0.0004931294787817436
0.003738857437190509
0.003748512673918983
0.006177561114275005
-0.0036213995600815852
-0.005779419544635241
0.0005766584810510778
-0.010273500661906595
-0.0037324909234525455
0.007870332340155542
0.011582872153639415
-0.002212459338182285
-0.002861909843909098
0.004015716959065233
-0.0027116064661883692
0.005267502599380258
0.006158729819206724
-0.002482197936885598
-0.0015467349717233098
-0.0021911938018830033
0.0014975678261375629
-0.0008822661621746345
0.010163677936953977
-0.010422534695527388
0.0031559446878936747
0.006569779764978191
-0.000877614236362827
0.0034528938186544826
-0.002211673862333416
-0.0010037352854082035
-0.004453296998415756
-0.002635547106201226
-0.003525971580342969
0.0003332810842252182
0.004215889533087747
-0.004669698536731248
-0.0038003845613422006
-0.011865042067934812
-0.005250567472457628
0.0013297282136107969
0.0036681747518669513
0.0007734047806111053
0.004923846475887148
0.0017851620449813518
-0.003944411073120971
0.0026219259125618653
-0.004018954641237348
0.007453007595805243
-0.00035545877333701943
-0.0012666105668023649
-0.010575635402870619
-0.013468839981434264
0.0008238179196679231
0.0021222584303193406
0.0014548964998740775
-0.0010014730138228076
-0.0003365467996441332
0.0015821220008069377
-0.006743537159227323
-0.0006859159127601648
-0.001027167113015823
0.002828570941828294
-0.007074867094440828
0.005232170853987608
-0.007019448578804922
0.0054382096249118795
-0.0011663454923825584
0.0021864456725015627
0.0009706536372784548
0.0016983423523383113
-0.007581312522566229
0.0021250460089733926
-0.011426337344900757
-0.010475984317030293
-0.008318509784107987
0.006136497455505008
0.0001753342269521773
-0.0012811785788142437
-0.00029916732455739716
-0.0025255401708508284
0.005652664813053648
-0.0052005649974616016
0.004021242977445068
0.0005802151019050288
-0.0003344124444940791
0.007124178863150553
0.00376626073504658
-0.006283164388086395
-0.005669498999181916
-0.00040932757629964664
-0.002692225035752063
0.0031672797243798485
0.003285410307955588
-0.004530716796361217
0.0013733901124009596
0.0029385969743509835
0.002925925291600346
0.0017045101917447243
0.0006106834812577541
-3.6668624115956136e-05
0.004201142497877859
0.006808300291583816
0.0012110157740025172
0.004992273845157756
0.003548574067857727
-0.0010032447594478624
-0.005361920310871366
0.0005134306466352392
0.00026820976851059803
0.001990770438406036
-0.0007257432644362079
0.001097577784543138
0.0033695510448602996
-0.004552184431995361
-0.002228140508239949
-0.0009120452414293239
0.001775230513339831
-0.0005024635656753849
-0.00046425561361350696
0.0025726707407481776
-0.01028790911412446
0.0030868145316346332
-0.0028188030935088464
-0.003752396101626868
-0.001718575325667374
-0.012704274923506105
0.003623493824410874
0.004330421163205545
0.0005711679376519433
0.006304463618903964
0.0015630970694627483
-0.004881086960748653
-0.008301811720568143
-0.0011993650960596578
0.004065723645645701
-0.0022302086482744025
0.0013530231441387594
0.00392705727954616
0.001297160616708023
0.0013070301835294937
-0.004192433355863158
0.0025149780134211238
0.0004925071573039306
0.0019172983894785846
-0.002164711978176642
-0.0022021342382019604
0.0036512340271959566
-0.006275747314757751
-0.0028244783102485045
0.004474713846882692
-0.004002615590360317
0.005708970772248472
0.0043585559109354894
-0.007052876548072849
-0.0007753055851225145
-0.005595755054862607
0.001165249458159041
0.0086496290811299
-0.0027283434321578102
-0.004332547649726597
-0.01206114746534375
-0.007227896654592989
0.0024588409518950913
0.004315177838961518
0.003006870744532652
0.0032982614896923785
0.005388549407726913
0.004361590679061948
-0.00031197207579046943
0.0026139101616681395
0.0010368167156145475
-0.0032636102656377892
0.002200028447412126
0.001201248013895395
-0.0014066130862768786
0.0016018499916108206
0.004998284221804179
0.008750345575309274
-0.0010704547892973076
0.001721150790547261
0.005834639678424901
0.004855071254722844
0.0012041924929168657
0.0031736876490123045
0.000910584686605995
0.007737712925533868
-0.007963552533667104
0.017385888684621282
-0.0013757788878936365
-0.006745408653416798
0.003445351975405099
-0.0030196283636690566
0.0021669856494397847
-0.0006776731367946663
0.009149811787103257
0.0023486819504382984
-0.007935788473797679
0.002838216957253607
0.0025320066248624706
0.0005291289799702809
-0.002630093501682656
-0.0010969480917558578
-0.0020561085809933763
9.78586561160872e-05
0.0035500605591720445
0.00043757755146072504
0.009156992666062479
-0.007470046205139749
0.0006493869618627461
0.005135022587684815
0.00015815936767814493
0.0036255693432105927
-0.0031409954780648283
0.007938198506769422
-0.003862226727176156
0.0029264296035268734
0.007747336488432792
-2.5133110949737948e-05
-0.013509525567303345
0.002380635743891508
0.0026692745218791646
-0.006424456443823941
0.0018855029363669359
-0.011572377285119995
0.0025892667369273614
-0.008017576926225012
0.004320259151869115
0.009524022211671519
0.0017430879468465596
-2.113693167107277e-06
-0.0005960702667306858
0.0031512617733432183
-0.010012561627993497
0.007198837220964386
-0.0065523485423329
-0.002831954038936093
0.0018975930843185551
0.002584178132126114
0.0013236956678902222
-0.0021650402197152035
0.008651439748206034
-0.0020273147984287442
0.011660970011853558
0.0025021971216684347
0.001149098505510492
-0.00026530810322196284
0.0008889632892219589
-0.0022554081946844443
-0.005848596619879192
-0.0006952128542601503
0.00441786752196746
0.003321213550210692
0.004204815645978755
-0.0024587887816962884
-0.0038082301480618455
0.0032923013774006802
-0.0029166472677053727
0.005368343226524997
0.001568466277200841
0.0012654119351339884
-0.0038715005930532445
-0.007511930770058492
0.0044301155450485324
0.0045927469622044775
-0.002001684051745074
-0.001798870393636812
0.0068572385744986395
-0.0019880283955123895
-0.000370575893434079
-0.003663689400008727
-0.00040357172908609936
0.009168470031415833
0.004190067212066661
-0.0018895443219829333
0.0013418177182527194
-0.0029190695935533174
0.007576847112174778
-0.004227027512895212
-0.0026353282274049197
-0.0043092791009534245
-0.00468527130718548
-0.003830713527526472
0.00025727918516716395
0.001016991340862963
-0.004945802311969891
-0.004528419708504523
0.0031619886100650164
-0.011258653306780652
0.005595007154201789
-0.0021475009994445533
-0.010341082908361466
-0.0027087856612498266
-0.0020657248087653348
0.0010811107111577364
-0.00042170103709561214
0.0020104767780515643
0.0016262312179583878
0.0008014779839849867
-0.003965343404317776
-0.0022882095018169455
0.0030865916131244645
-0.0014690050961755265
0.0016316820952136427
-0.000505710708722729
0.0016656588833481297
0.004485574899450314
-0.006787883807603858
-0.008770713538004769
0.004798927639838856
-0.010140652295482762
0.004497135402390844
0.007953238020937461
0.00047830548104802736
0.0056068103291771225
-0.0017914281737736396
-0.00612153167543419
-0.002529910968738795
0.003411175222638156
-0.0014139977489777997
-0.0013768120688696338
-9.914290745836696e-05
0.004772543468167246
0.0029847441442524187
-0.006329476996992772
-0.0015665716142157912
0.0043162262985759975
-0.009188983678866601
-0.004636004229171285
0.0010139240386574043
-0.0020857481878399516
-0.004441252923832342
-0.00792268698789075
-0.007418199911135435
0.0016773117093895472
0.0006047268877558324
