31.0
29.0
47.0
47.0
41.0
47.0
55.0
47.0
51.0
41.0
49.0
51.0
43.0
55.0
49.0
45.0
113.0
57.0
53.0
41.0
51.0
43.0
99.0
51.0
45.0
49.0
47.0
-25.0
101.0
23.0
43.0
53.0
47.0
39.0
-17.0
47.0
53.0
-43.0
39.0
43.0
41.0
45.0
51.0
25.0
47.0
49.0
53.0
45.0
45.0
49.0
45.0
49.0
45.0
39.0
-49.0
123.0
35.0
-29.0
41.0
41.0
117.0
53.0
41.0
39.0
45.0
37.0
49.0
-47.0
47.0
35.0
55.0
119.0
47.0
55.0
51.0
43.0
55.0
53.0
49.0
39.0
-25.0
47.0
125.0
31.0
119.0
-19.0
45.0
41.0
35.0
43.0
35.0
21.0
39.0
51.0
47.0
39.0
39.0
45.0
105.0
125.0
55.0
35.0
49.0
91.0
45.0
35.0
43.0
109.0
57.0
57.0
45.0
-47.0
47.0
103.0
41.0
43.0
51.0
41.0
51.0
41.0
37.0
39.0
49.0
43.0
103.0
45.0
121.0
39.0
53.0
49.0
49.0
-17.0
45.0
-47.0
49.0
97.0
131.0
45.0
45.0
107.0
51.0
49.0
39.0
53.0
45.0
41.0
51.0
107.0
53.0
33.0
49.0
43.0
51.0
45.0
25.0
109.0
49.0
107.0
51.0
49.0
115.0
51.0
53.0
37.0
47.0
43.0
25.0
-43.0
43.0
-15.0
127.0
33.0
107.0
55.0
45.0
113.0
41.0
45.0
37.0
41.0
45.0
43.0
53.0
115.0
45.0
99.0
43.0
29.0
115.0
43.0
49.0
49.0
39.0
51.0
35.0
47.0
41.0
43.0
27.0
49.0
45.0
39.0
107.0
43.0
51.0
39.0
49.0
99.0
51.0
53.0
49.0
119.0
45.0
37.0
43.0
117.0
37.0
101.0
47.0
49.0
43.0
49.0
35.0
-45.0
47.0
49.0
-51.0
47.0
103.0
45.0
127.0
47.0
103.0
31.0
111.0
45.0
45.0
39.0
105.0
47.0
43.0
45.0
123.0
-43.0
47.0
111.0
49.0
45.0
49.0
47.0
43.0
-21.0
47.0
51.0
51.0
49.0
43.0
-43.0
53.0
47.0
31.0
47.0
47.0
43.0
39.0
43.0
119.0
-17.0
45.0
51.0
43.0
111.0
119.0
107.0
49.0
53.0
45.0
49.0
109.0
41.0
41.0
105.0
47.0
37.0
49.0
51.0
55.0
35.0
51.0
125.0
109.0
33.0
51.0
39.0
45.0
41.0
53.0
41.0
49.0
41.0
49.0
43.0
39.0
55.0
45.0
93.0
39.0
39.0
51.0
39.0
41.0
37.0
47.0
39.0
57.0
43.0
45.0
39.0
39.0
109.0
47.0
43.0
53.0
47.0
53.0
51.0
47.0
-57.0
111.0
-13.0
29.0
51.0
39.0
47.0
47.0
39.0
43.0
37.0
47.0
-17.0
107.0
43.0
41.0
47.0
119.0
37.0
53.0
45.0
55.0
51.0
35.0
43.0
35.0
49.0
43.0
107.0
45.0
51.0
45.0
47.0
-49.0
-39.0
-15.0
51.0
47.0
111.0
45.0
-17.0
49.0
45.0
49.0
-51.0
53.0
45.0
45.0
41.0
49.0
49.0
41.0
101.0
45.0
53.0
41.0
117.0
43.0
47.0
113.0
43.0
107.0
47.0
107.0
33.0
-53.0
-11.0
47.0
99.0
43.0
43.0
59.0
51.0
99.0
41.0
45.0
43.0
45.0
121.0
45.0
43.0
115.0
53.0
43.0
45.0
103.0
-45.0
45.0
47.0
45.0
45.0
131.0
47.0
49.0
53.0
53.0
53.0
47.0
119.0
105.0
109.0
59.0
51.0
45.0
47.0
43.0
101.0
45.0
41.0
129.0
-47.0
31.0
49.0
41.0
39.0
-17.0
-17.0
51.0
45.0
47.0
45.0
47.0
45.0
51.0
37.0
109.0
49.0
-47.0
41.0
-45.0
47.0
45.0
101.0
47.0
35.0
45.0
51.0
47.0
51.0
45.0
123.0
49.0
51.0
41.0
49.0
41.0
55.0
125.0
37.0
53.0
-25.0
35.0
47.0
49.0
43.0
119.0
41.0
47.0
45.0
51.0
53.0
103.0
131.0
53.0
39.0
145.0
45.0
111.0
-43.0
39.0
119.0
29.0
97.0
49.0
49.0
109.0
49.0
105.0
-45.0
105.0
51.0
-51.0
53.0
47.0
43.0
45.0
53.0
51.0
47.0
43.0
-43.0
49.0
47.0
37.0
45.0
99.0
37.0
51.0
53.0
41.0
47.0
45.0
-39.0
-53.0
49.0
107.0
37.0
105.0
41.0
41.0
111.0
-57.0
51.0
31.0
53.0
109.0
47.0
81.0
57.0
49.0
47.0
33.0
43.0
-11.0
39.0
43.0
45.0
47.0
121.0
109.0
-21.0
57.0
45.0
49.0
39.0
125.0
43.0
53.0
51.0
49.0
47.0
45.0
-11.0
53.0
53.0
57.0
27.0
47.0
45.0
43.0
41.0
31.0
123.0
49.0
53.0
117.0
41.0
-61.0
41.0
53.0
45.0
39.0
47.0
111.0
41.0
47.0
109.0
51.0
55.0
39.0
53.0
47.0
47.0
57.0
125.0
45.0
45.0
55.0
51.0
41.0
51.0
35.0
45.0
41.0
53.0
41.0
31.0
101.0
47.0
113.0
99.0
49.0
47.0
41.0
43.0
43.0
51.0
47.0
47.0
47.0
-13.0
35.0
-51.0
47.0
101.0
51.0
45.0
47.0
125.0
105.0
49.0
57.0
27.0
-45.0
49.0
51.0
37.0
-45.0
35.0
111.0
43.0
47.0
27.0
47.0
121.0
43.0
105.0
55.0
35.0
45.0
115.0
43.0
117.0
47.0
41.0
47.0
49.0
119.0
51.0
43.0
101.0
51.0
107.0
47.0
47.0
41.0
33.0
-21.0
59.0
107.0
47.0
33.0
45.0
45.0
47.0
119.0
45.0
129.0
33.0
51.0
51.0
-47.0
51.0
37.0
45.0
45.0
47.0
39.0
39.0
43.0
49.0
109.0
47.0
45.0
33.0
43.0
45.0
49.0
51.0
31.0
49.0
49.0
-57.0
45.0
37.0
51.0
115.0
-47.0
39.0
119.0
109.0
43.0
47.0
41.0
41.0
41.0
47.0
53.0
-19.0
47.0
49.0
115.0
-49.0
49.0
-53.0
53.0
53.0
57.0
115.0
47.0
39.0
45.0
105.0
117.0
45.0
-41.0
47.0
49.0
51.0
53.0
45.0
39.0
99.0
41.0
59.0
127.0
49.0
97.0
43.0
49.0
43.0
41.0
45.0
-15.0
45.0
97.0
47.0
-45.0
-45.0
45.0
47.0
53.0
25.0
57.0
119.0
47.0
55.0
51.0
129.0
-51.0
101.0
115.0
57.0
-21.0
43.0
45.0
47.0
53.0
49.0
55.0
109.0
47.0
103.0
115.0
47.0
55.0
53.0
41.0
45.0
-47.0
47.0
49.0
49.0
49.0
55.0
107.0
23.0
111.0
43.0
145.0
47.0
97.0
39.0
41.0
105.0
41.0
49.0
107.0
43.0
37.0
29.0
49.0
45.0
-37.0
55.0
45.0
-45.0
53.0
-55.0
115.0
55.0
43.0
41.0
51.0
-53.0
41.0
47.0
53.0
45.0
123.0
117.0
45.0
-61.0
45.0
39.0
107.0
43.0
41.0
47.0
35.0
43.0
55.0
-49.0
51.0
43.0
45.0
47.0
33.0
45.0
43.0
53.0
119.0
111.0
41.0
-43.0
-37.0
95.0
53.0
45.0
59.0
53.0
43.0
49.0
113.0
51.0
-23.0
39.0
45.0
37.0
55.0
37.0
51.0
55.0
41.0
-51.0
45.0
105.0
101.0
45.0
47.0
-45.0
33.0
43.0
-13.0
117.0
35.0
47.0
105.0
93.0
47.0
-17.0
47.0
47.0
45.0
45.0
41.0
53.0
55.0
59.0
135.0
47.0
51.0
43.0
53.0
41.0
47.0
113.0
39.0
103.0
39.0
47.0
61.0
57.0
107.0
-51.0
47.0
51.0
-55.0
117.0
41.0
47.0
101.0
57.0
47.0
45.0
47.0
47.0
47.0
-45.0
47.0
37.0
113.0
47.0
99.0
43.0
47.0
49.0
45.0
123.0
49.0
53.0
45.0
43.0
37.0
59.0
115.0
53.0
31.0
47.0
121.0
45.0
45.0
49.0
-19.0
45.0
-25.0
49.0
127.0
45.0
49.0
53.0
37.0
45.0
45.0
37.0
-21.0
43.0
91.0
47.0
-13.0
101.0
47.0
41.0
-57.0
43.0
49.0
41.0
125.0
15.0
49.0
35.0
51.0
125.0
45.0
-21.0
55.0
49.0
107.0
49.0
51.0
47.0
43.0
47.0
51.0
43.0
53.0
121.0
45.0
21.0
43.0
55.0
43.0
51.0
89.0
117.0
43.0
49.0
35.0
43.0
51.0
49.0
41.0
-19.0
43.0
45.0
43.0
107.0
43.0
47.0
125.0
55.0
65.0
51.0
113.0
45.0
-19.0
49.0
111.0
95.0
49.0
41.0
43.0
105.0
45.0
35.0
37.0
39.0
49.0
47.0
41.0
41.0
49.0
49.0
93.0
51.0
59.0
51.0
41.0
43.0
55.0
105.0
53.0
39.0
53.0
47.0
125.0
53.0
47.0
45.0
49.0
-9.0
51.0
41.0
49.0
35.0
35.0
115.0
49.0
109.0
41.0
43.0
39.0
43.0
47.0
51.0
109.0
121.0
39.0
55.0
123.0
39.0
-11.0
41.0
49.0
51.0
47.0
45.0
31.0
55.0
-49.0
-45.0
53.0
45.0
57.0
33.0
45.0
49.0
119.0
47.0
55.0
53.0
109.0
107.0
119.0
35.0
45.0
37.0
51.0
47.0
53.0
47.0
-39.0
43.0
47.0
49.0
-49.0
49.0
55.0
35.0
55.0
49.0
51.0
111.0
-19.0
43.0
45.0
45.0
53.0
41.0
-15.0
43.0
47.0
55.0
39.0
-51.0
53.0
47.0
103.0
101.0
43.0
-9.0
-17.0
51.0
39.0
41.0
47.0
45.0
115.0
49.0
51.0
-51.0
113.0
51.0
43.0
53.0
47.0
55.0
97.0
117.0
47.0
41.0
47.0
53.0
49.0
47.0
23.0
55.0
119.0
45.0
39.0
53.0
53.0
49.0
-15.0
43.0
43.0
45.0
41.0
41.0
97.0
45.0
-17.0
45.0
41.0
47.0
43.0
51.0
49.0
-45.0
25.0
47.0
37.0
47.0
61.0
43.0
119.0
45.0
107.0
-53.0
47.0
51.0
47.0
51.0
39.0
-47.0
41.0
101.0
45.0
45.0
-23.0
-51.0
43.0
45.0
-49.0
53.0
43.0
129.0
39.0
109.0
45.0
37.0
51.0
49.0
125.0
55.0
47.0
119.0
53.0
133.0
103.0
39.0
45.0
47.0
47.0
39.0
51.0
53.0
107.0
49.0
49.0
119.0
53.0
99.0
49.0
43.0
37.0
47.0
109.0
49.0
45.0
35.0
37.0
43.0
103.0
31.0
43.0
121.0
61.0
45.0
45.0
49.0
39.0
39.0
49.0
51.0
43.0
51.0
105.0
49.0
51.0
39.0
45.0
45.0
49.0
43.0
51.0
45.0
51.0
47.0
37.0
51.0
51.0
39.0
17.0
47.0
49.0
41.0
111.0
47.0
103.0
49.0
47.0
41.0
109.0
117.0
-15.0
-49.0
105.0
43.0
45.0
37.0
109.0
47.0
55.0
37.0
31.0
47.0
49.0
99.0
127.0
35.0
115.0
-15.0
-13.0
45.0
43.0
-49.0
45.0
109.0
53.0
97.0
37.0
55.0
121.0
55.0
39.0
43.0
107.0
41.0
115.0
47.0
31.0
-13.0
-59.0
39.0
49.0
43.0
45.0
37.0
-47.0
43.0
43.0
57.0
39.0
43.0
51.0
57.0
43.0
41.0
49.0
113.0
-39.0
33.0
-9.0
55.0
39.0
47.0
53.0
51.0
49.0
41.0
47.0
41.0
131.0
55.0
47.0
53.0
47.0
59.0
49.0
43.0
35.0
133.0
53.0
57.0
-55.0
33.0
51.0
39.0
-57.0
45.0
113.0
45.0
53.0
107.0
107.0
53.0
111.0
47.0
33.0
45.0
-23.0
45.0
43.0
47.0
45.0
103.0
-47.0
41.0
103.0
111.0
53.0
129.0
-49.0
53.0
51.0
45.0
43.0
51.0
-19.0
29.0
-25.0
53.0
-49.0
43.0
-45.0
-41.0
47.0
41.0
111.0
43.0
115.0
51.0
43.0
31.0
49.0
33.0
55.0
49.0
45.0
95.0
37.0
113.0
41.0
33.0
51.0
43.0
43.0
41.0
41.0
117.0
109.0
-15.0
45.0
57.0
-55.0
39.0
119.0
45.0
51.0
41.0
49.0
43.0
39.0
47.0
119.0
41.0
39.0
43.0
39.0
107.0
51.0
49.0
45.0
53.0
39.0
51.0
45.0
125.0
39.0
49.0
41.0
39.0
31.0
41.0
49.0
119.0
37.0
37.0
37.0
105.0
41.0
103.0
51.0
45.0
47.0
43.0
49.0
47.0
59.0
47.0
57.0
35.0
39.0
45.0
37.0
55.0
37.0
55.0
49.0
41.0
53.0
43.0
47.0
-11.0
109.0
39.0
45.0
47.0
41.0
113.0
111.0
-49.0
43.0
39.0
49.0
-25.0
47.0
47.0
43.0
21.0
99.0
53.0
-57.0
41.0
107.0
51.0
47.0
47.0
53.0
51.0
41.0
49.0
109.0
43.0
47.0
49.0
49.0
57.0
-9.0
49.0
51.0
121.0
109.0
43.0
49.0
41.0
49.0
-17.0
47.0
45.0
49.0
43.0
113.0
47.0
29.0
41.0
51.0
43.0
41.0
43.0
39.0
-59.0
45.0
-55.0
53.0
51.0
41.0
49.0
57.0
-15.0
115.0
47.0
37.0
29.0
39.0
53.0
47.0
55.0
129.0
55.0
-43.0
59.0
39.0
45.0
43.0
-55.0
39.0
45.0
45.0
41.0
45.0
43.0
55.0
47.0
-17.0
49.0
47.0
55.0
41.0
115.0
53.0
45.0
45.0
45.0
41.0
51.0
51.0
43.0
27.0
123.0
41.0
45.0
105.0
39.0
45.0
103.0
-15.0
-23.0
-23.0
105.0
45.0
37.0
53.0
43.0
105.0
53.0
55.0
45.0
43.0
-15.0
43.0
-43.0
49.0
43.0
53.0
51.0
51.0
49.0
101.0
47.0
59.0
121.0
45.0
-47.0
55.0
49.0
43.0
45.0
51.0
51.0
55.0
-17.0
115.0
49.0
41.0
129.0
109.0
49.0
111.0
33.0
45.0
43.0
111.0
-51.0
53.0
133.0
51.0
37.0
51.0
49.0
57.0
39.0
41.0
39.0
47.0
37.0
115.0
53.0
37.0
41.0
45.0
47.0
43.0
-17.0
105.0
47.0
101.0
107.0
-39.0
45.0
-47.0
113.0
45.0
33.0
25.0
37.0
31.0
51.0
49.0
107.0
39.0
49.0
43.0
117.0
51.0
43.0
47.0
39.0
45.0
33.0
51.0
43.0
41.0
51.0
49.0
53.0
-25.0
115.0
57.0
57.0
47.0
49.0
-47.0
111.0
41.0
125.0
35.0
127.0
-47.0
45.0
99.0
51.0
125.0
109.0
43.0
45.0
101.0
39.0
43.0
51.0
135.0
37.0
41.0
107.0
53.0
45.0
31.0
47.0
43.0
125.0
-43.0
41.0
91.0
47.0
-39.0
43.0
107.0
51.0
43.0
47.0
49.0
49.0
51.0
49.0
39.0
43.0
53.0
109.0
51.0
45.0
37.0
111.0
123.0
103.0
55.0
39.0
-57.0
33.0
131.0
39.0
99.0
53.0
135.0
41.0
51.0
47.0
-47.0
41.0
59.0
45.0
47.0
43.0
41.0
49.0
33.0
43.0
53.0
45.0
-49.0
41.0
49.0
119.0
47.0
43.0
41.0
37.0
49.0
47.0
123.0
39.0
-51.0
41.0
51.0
121.0
51.0
107.0
37.0
119.0
53.0
-11.0
37.0
53.0
47.0
119.0
49.0
39.0
105.0
99.0
47.0
-53.0
-45.0
113.0
41.0
95.0
51.0
45.0
43.0
-7.0
31.0
103.0
-19.0
41.0
53.0
49.0
-21.0
49.0
49.0
91.0
47.0
49.0
45.0
119.0
-51.0
43.0
45.0
47.0
49.0
41.0
53.0
43.0
45.0
33.0
41.0
49.0
-19.0
-57.0
43.0
-19.0
45.0
45.0
101.0
55.0
113.0
99.0
121.0
49.0
49.0
47.0
57.0
117.0
121.0
43.0
41.0
103.0
111.0
49.0
51.0
49.0
43.0
49.0
-15.0
107.0
-25.0
105.0
81.0
107.0
37.0
49.0
41.0
53.0
49.0
41.0
53.0
99.0
-23.0
45.0
123.0
55.0
41.0
53.0
47.0
111.0
41.0
-11.0
43.0
101.0
47.0
45.0
-9.0
53.0
47.0
35.0
123.0
43.0
47.0
31.0
55.0
-45.0
47.0
45.0
113.0
41.0
45.0
125.0
109.0
47.0
119.0
47.0
41.0
25.0
109.0
-55.0
45.0
51.0
121.0
45.0
55.0
123.0
-19.0
43.0
51.0
47.0
125.0
55.0
43.0
33.0
45.0
119.0
55.0
47.0
35.0
49.0
51.0
43.0
43.0
49.0
43.0
41.0
39.0
49.0
39.0
43.0
33.0
35.0
-53.0
89.0
129.0
49.0
51.0
43.0
101.0
107.0
51.0
111.0
47.0
43.0
-17.0
41.0
21.0
37.0
51.0
41.0
49.0
33.0
53.0
49.0
53.0
-15.0
-49.0
-49.0
49.0
51.0
51.0
-5.0
49.0
103.0
43.0
53.0
47.0
39.0
49.0
47.0
39.0
43.0
47.0
107.0
51.0
51.0
35.0
125.0
57.0
135.0
93.0
45.0
47.0
47.0
45.0
47.0
41.0
55.0
55.0
37.0
45.0
61.0
45.0
51.0
51.0
49.0
31.0
39.0
43.0
-13.0
39.0
-55.0
37.0
47.0
111.0
51.0
47.0
43.0
47.0
35.0
45.0
45.0
53.0
39.0
49.0
53.0
49.0
29.0
39.0
-55.0
45.0
59.0
49.0
47.0
53.0
-21.0
45.0
-23.0
47.0
-49.0
51.0
111.0
43.0
43.0
41.0
45.0
123.0
51.0
51.0
39.0
47.0
39.0
43.0
115.0
-11.0
-25.0
43.0
43.0
-49.0
47.0
23.0
51.0
51.0
57.0
111.0
47.0
49.0
-49.0
45.0
37.0
53.0
47.0
53.0
47.0
51.0
43.0
127.0
113.0
45.0
31.0
47.0
51.0
47.0
39.0
47.0
43.0
-23.0
99.0
33.0
119.0
47.0
115.0
-43.0
43.0
-51.0
49.0
47.0
51.0
-49.0
101.0
125.0
37.0
47.0
53.0
47.0
41.0
51.0
47.0
41.0
43.0
89.0
41.0
43.0
45.0
47.0
49.0
31.0
45.0
49.0
45.0
37.0
39.0
105.0
47.0
125.0
33.0
49.0
41.0
43.0
49.0
109.0
27.0
103.0
43.0
45.0
45.0
-49.0
49.0
51.0
51.0
43.0
51.0
39.0
-57.0
45.0
97.0
-45.0
27.0
51.0
49.0
53.0
49.0
-51.0
39.0
51.0
51.0
43.0
-17.0
39.0
-23.0
53.0
45.0
55.0
37.0
47.0
41.0
-17.0
53.0
45.0
47.0
49.0
119.0
95.0
127.0
35.0
57.0
49.0
39.0
45.0
39.0
43.0
53.0
51.0
-5.0
31.0
49.0
43.0
41.0
43.0
43.0
47.0
45.0
47.0
49.0
113.0
45.0
41.0
49.0
121.0
55.0
39.0
-19.0
57.0
35.0
47.0
43.0
99.0
97.0
57.0
47.0
47.0
-43.0
25.0
45.0
47.0
51.0
-39.0
57.0
-39.0
47.0
41.0
45.0
103.0
47.0
99.0
43.0
-47.0
113.0
127.0
47.0
-23.0
47.0
41.0
43.0
45.0
49.0
45.0
47.0
43.0
49.0
-61.0
-43.0
49.0
119.0
51.0
-47.0
37.0
51.0
49.0
55.0
45.0
47.0
119.0
113.0
49.0
33.0
51.0
37.0
113.0
35.0
47.0
43.0
53.0
51.0
109.0
51.0
-47.0
43.0
-47.0
49.0
47.0
49.0
107.0
105.0
31.0
53.0
35.0
43.0
37.0
117.0
49.0
39.0
43.0
45.0
41.0
53.0
95.0
115.0
49.0
49.0
31.0
49.0
49.0
47.0
45.0
43.0
35.0
45.0
45.0
45.0
33.0
55.0
43.0
57.0
-15.0
39.0
-57.0
51.0
55.0
-19.0
-51.0
39.0
51.0
39.0
15.0
43.0
47.0
45.0
49.0
-17.0
37.0
53.0
29.0
-45.0
47.0
43.0
113.0
-19.0
41.0
-21.0
51.0
43.0
47.0
109.0
51.0
39.0
41.0
107.0
109.0
55.0
45.0
119.0
55.0
49.0
45.0
49.0
41.0
-45.0
-55.0
47.0
49.0
23.0
47.0
49.0
47.0
51.0
45.0
49.0
39.0
51.0
41.0
41.0
37.0
37.0
45.0
49.0
53.0
49.0
-53.0
45.0
119.0
53.0
-53.0
53.0
45.0
51.0
39.0
49.0
39.0
45.0
47.0
-17.0
107.0
55.0
55.0
109.0
95.0
49.0
41.0
51.0
49.0
45.0
109.0
17.0
47.0
123.0
45.0
39.0
51.0
55.0
45.0
47.0
49.0
47.0
-13.0
97.0
105.0
51.0
-37.0
-53.0
53.0
59.0
45.0
37.0
45.0
47.0
37.0
41.0
49.0
103.0
45.0
49.0
103.0
45.0
49.0
49.0
45.0
39.0
47.0
47.0
33.0
49.0
117.0
37.0
-57.0
49.0
-15.0
39.0
47.0
45.0
47.0
115.0
45.0
43.0
45.0
47.0
41.0
-49.0
47.0
47.0
45.0
45.0
115.0
109.0
41.0
45.0
45.0
49.0
51.0
53.0
43.0
53.0
47.0
-49.0
-17.0
51.0
47.0
115.0
45.0
113.0
117.0
-55.0
51.0
49.0
109.0
-21.0
21.0
-57.0
-49.0
25.0
49.0
51.0
49.0
33.0
109.0
51.0
123.0
49.0
51.0
-39.0
47.0
43.0
49.0
-57.0
39.0
47.0
43.0
-47.0
47.0
49.0
-25.0
41.0
45.0
35.0
127.0
-21.0
49.0
51.0
107.0
47.0
-53.0
115.0
125.0
47.0
51.0
47.0
41.0
55.0
45.0
45.0
-43.0
45.0
41.0
41.0
39.0
47.0
53.0
117.0
53.0
45.0
49.0
45.0
51.0
31.0
45.0
39.0
-21.0
61.0
49.0
45.0
127.0
53.0
41.0
39.0
43.0
49.0
49.0
43.0
97.0
49.0
47.0
-19.0
45.0
39.0
45.0
55.0
43.0
47.0
49.0
43.0
123.0
53.0
-21.0
43.0
45.0
47.0
55.0
49.0
49.0
45.0
39.0
-15.0
-43.0
43.0
53.0
47.0
45.0
41.0
49.0
115.0
37.0
51.0
55.0
45.0
43.0
123.0
43.0
101.0
53.0
45.0
-49.0
37.0
33.0
117.0
45.0
47.0
45.0
47.0
57.0
49.0
103.0
-13.0
51.0
45.0
119.0
103.0
47.0
95.0
119.0
121.0
107.0
39.0
49.0
43.0
47.0
47.0
49.0
117.0
49.0
51.0
117.0
51.0
-25.0
49.0
37.0
45.0
39.0
41.0
41.0
39.0
127.0
-25.0
119.0
53.0
29.0
25.0
-19.0
43.0
49.0
37.0
-51.0
45.0
47.0
47.0
43.0
51.0
37.0
45.0
-15.0
29.0
47.0
43.0
41.0
45.0
45.0
43.0
49.0
123.0
29.0
47.0
49.0
47.0
111.0
115.0
49.0
45.0
31.0
39.0
47.0
113.0
-43.0
55.0
43.0
61.0
97.0
119.0
109.0
49.0
47.0
47.0
-53.0
49.0
45.0
103.0
49.0
47.0
51.0
103.0
47.0
113.0
45.0
55.0
51.0
49.0
49.0
121.0
47.0
127.0
121.0
125.0
43.0
45.0
115.0
37.0
41.0
31.0
103.0
43.0
-49.0
41.0
-43.0
21.0
109.0
93.0
55.0
39.0
41.0
47.0
53.0
43.0
49.0
47.0
43.0
51.0
53.0
45.0
35.0
47.0
39.0
43.0
103.0
-27.0
49.0
49.0
49.0
41.0
35.0
33.0
125.0
111.0
49.0
49.0
51.0
45.0
43.0
123.0
43.0
105.0
49.0
47.0
93.0
39.0
41.0
55.0
55.0
43.0
125.0
-35.0
25.0
47.0
47.0
121.0
37.0
43.0
51.0
117.0
49.0
49.0
35.0
51.0
45.0
25.0
115.0
-49.0
47.0
49.0
29.0
39.0
111.0
53.0
115.0
-49.0
49.0
41.0
51.0
123.0
115.0
51.0
53.0
41.0
51.0
43.0
45.0
41.0
53.0
43.0
47.0
43.0
53.0
39.0
49.0
51.0
31.0
119.0
111.0
27.0
47.0
41.0
49.0
55.0
45.0
123.0
35.0
-27.0
111.0
53.0
45.0
45.0
43.0
45.0
49.0
97.0
49.0
49.0
45.0
51.0
-21.0
39.0
43.0
47.0
43.0
59.0
125.0
-57.0
49.0
53.0
43.0
45.0
45.0
57.0
49.0
-43.0
53.0
121.0
39.0
43.0
49.0
49.0
117.0
47.0
35.0
47.0
27.0
43.0
-13.0
39.0
37.0
123.0
29.0
115.0
49.0
45.0
41.0
-13.0
51.0
39.0
43.0
45.0
31.0
43.0
47.0
45.0
105.0
97.0
45.0
41.0
-7.0
43.0
49.0
-3.0
-43.0
-53.0
-41.0
43.0
41.0
129.0
49.0
53.0
49.0
-25.0
47.0
-51.0
133.0
45.0
45.0
55.0
-51.0
-49.0
119.0
53.0
47.0
21.0
127.0
47.0
53.0
37.0
-21.0
47.0
43.0
41.0
45.0
41.0
121.0
51.0
53.0
105.0
53.0
49.0
-59.0
51.0
45.0
41.0
37.0
45.0
41.0
49.0
43.0
39.0
47.0
53.0
45.0
103.0
111.0
47.0
133.0
39.0
51.0
51.0
41.0
43.0
129.0
47.0
41.0
45.0
39.0
47.0
39.0
45.0
-11.0
47.0
53.0
133.0
99.0
51.0
47.0
105.0
103.0
111.0
47.0
51.0
